OPEN_Lower = {
	1800, 1800, 1800, 1800, 1800, 1800, 1800, 1800, 1800, 1800, 1800, 1800, 1800, 1800, 1800, 1800, 1800, 1800,
	1800, 1800, 1800, 1800, 1800, 1800, 1800, 1800, 1800, 1800, 1800, 1800, 1800, 1800, 1800, 1800, 1800, 1800,
	1800, 1800, 1800, 1800, 1800, 1800, 1800, 1800, 1800, 1800, 1800, 1800, 1800, 1800, 1800, 1800, 1800, 1800,
	1800, 1800, 1800, 1800, 1800, 1800, 1800, 1800, 1800, 1800, 1800, 1800, 1800, 1800, 1800, 1800, 1800, 1800,
	1800, 1800, 1800, 1800, 1800, 1800, 1800, 1800, 1800, 1800, 1800, 1800, 1800, 1800, 1800, 1800, 1800, 1800,
	1800, 1800, 1800, 1800, 1800, 1800, 1800, 1800, 1800, 1800, 1800, 1800, 1800, 1800, 1800, 1800, 1800, 1800,
	1800, 1800, 1800, 1800, 1800, 1800, 1800, 1800, 1800, 1800, 1800, 1800, 1800, 1800, 1800, 1800, 1800, 1800,
	1800, 1800, 1800, 1800, 1800, 1800, 1800, 1800, 1800, 1800, 1800, 1800, 1800, 1800, 1800, 1800, 1800, 1800,
	1800, 1800, 1800, 1800, 1800, 1800, 1800, 1800, 1800, 1800, 1800, 1800, 1800, 1800, 1800, 1800, 1800, 1800,
	1800, 1800, 1800, 1800, 1800, 1800, 1800, 1800, 1800, 1800, 1800, 1800, 1800, 1800, 1800, 1800, 1800, 1800,
	1800, 1800, 1800, 1800, 1800, 1800, 1800, 1800, 1800, 1800, 1800, 1800, 1800, 1800, 1800, 1800, 1800, 1800,
	1800, 1800, 1800, 1800, 1800, 1800, 1800, 1800, 1800, 1800, 1800, 1800, 1800, 1800, 1800, 1800, 1800, 1800,
	1800, 1800, 1800, 1800, 1800, 1800, 1800, 1800, 1800, 1800, 1800, 1800, 1800, 1800, 1800, 1800, 1800, 1800,
	1800, 1800, 1800, 1800, 1800, 1800, 1800, 1800, 1800, 1800, 1800, 1800, 1800, 1800, 1800, 1800, 1800, 1800,
	1800, 1800, 1800, 1800, 1800, 1800, 1800, 1800, 1800, 1800, 1800, 1800, 1800, 1800, 1800, 1800, 1800, 1800,
	1800, 1800, 1800, 1800, 1800, 1800, 1800, 1800, 1800, 1800, 1800, 1800, 1800, 1800, 1800, 1800, 1800, 1800,
	1800, 1800, 1800, 1800, 1800, 1800, 1800, 1800, 1800, 1800, 1800, 1800, 1800, 1800, 1800, 1800, 1800, 1800,
	1800, 1800, 1800, 1800, 1800, 1800, 1800, 1800, 1800, 1800, 1800, 1800, 1800, 1800, 1800, 1800, 1800, 1800,
	1800, 1800, 1800, 1800, 1800, 1800, 1800, 1800, 1800, 1800, 1800, 1800, 1800, 1800, 1800, 1800, 1800, 1800,
	1800, 1800, 1800, 1800, 1800, 1800, 1800, 1800, 1800, 1800, 1800, 1800, 1800, 1800, 1800, 1800, 1800, 1800,
	1800, 1800, 1800, 1800, 1800, 1800, 1800, 1800, 1800, 1800, 1800, 1800, 1800, 1800, 1800, 1800, 1800, 1800,
	1800, 1800, 1800, 1800, 1800, 1800, 1800, 1800, 1800, 1800, 1800, 1800, 1800, 1800, 1800, 1800, 1800, 1800,
	1800, 1800, 1800, 1800, 1800, 1800, 1800, 1800, 1800, 1800, 1800, 1800, 1800, 1800, 1800, 1800, 1800, 1800,
	1800, 1800, 1800, 1800, 1800, 1800, 1800, 1800, 1800, 1800, 1800, 1800, 1800, 1800, 1800, 1800, 1800, 1800,
	1800, 1800, 1800, 1800, 1800, 1800, 1800, 1800, 1800, 1800, 1800, 1800, 1800, 1800, 1800, 1800, 1800, 1800,
	1800, 1800, 1800, 1800, 1800, 1800, 1800, 1800, 1800, 1800, 1800, 1800, 1800, 1800, 1800, 1800, 1800, 1800,
	1800, 1800, 1800, 1800, 1800, 1800, 1800, 1800, 1800, 1800, 1800, 1800, 1800, 1800, 1800, 1800, 1800, 1800,
	1800, 1800, 1800, 1800, 1800, 1800, 1800, 1800, 1800, 1800, 1800, 1800, 1800, 1800, 1800, 1800, 1800, 1800,
	1800, 1800, 1800, 1800, 1800, 1800, 1800, 1800, 1800, 1800, 1800, 1800, 1800, 1800, 1800, 1800, 1800, 1800,
	1800, 1800, 1800, 1800, 1800, 1800, 1800, 1800, 1800, 1800, 1800, 1800, 1800, 1800, 1800, 1800, 1800, 1800,
	1800, 1800, 1800, 1800, 1800, 1800, 1800, 1800, 1800, 1800, 1800, 1800, 1800, 1800, 1800, 1800, 1800, 1800,
	1800, 1800, 1800, 1800, 1800, 1800, 1800, 1800, 1800, 1800, 1800, 1800, 1800, 1800, 1800, 1800, 1800, 1800,
	1800, 1800, 1800, 1800, 1800, 1800, 1800, 1800, 1800, 1800, 1800, 1800, 1800, 1800, 1800, 1800, 1800, 1800,
	1800, 1800, 1800, 1800, 1800, 1800, 1800, 1800, 1800, 1800, 1800, 1800, 1800, 1800, 1800, 1800, 1800, 1800,
	1800, 1800, 1800, 1800, 1800, 1800, 1800, 1800, 1800, 1800, 1800, 1800, 1800, 1800, 1800, 1800, 1800, 1800,
	1800, 1800, 1800, 1800, 1800, 1800, 1800, 1800, 1800, 1800, 1800, 1800, 1800, 1800, 1800, 1800, 1800, 1800,
	1800, 1800, 1800, 1800, 1800, 1800, 1800, 1800, 1800, 1800, 1800, 1800, 1800, 1800, 1800, 1800, 1800, 1800,
	1800, 1800, 1800, 1800, 1800, 1800, 1800, 1800, 1800, 1800, 1800, 1800, 1800, 1800, 1800, 1800, 1800, 1800,
	1800, 1800, 1800, 1800, 1800, 1800, 1800, 1800, 1800, 1800, 1800, 1800, 1800, 1800, 1800, 1800, 1800, 1800,
	1800, 1800, 1800, 1800, 1800, 1800, 1800, 1800, 1800, 1800, 1800, 1800, 1800, 1800, 1800, 1800, 1800, 1800,
	1800, 1800, 1800, 1800, 1800, 1800, 1800, 1800, 1800, 1800, 1800, 1800, 1800, 1800, 1800, 1800, 1800, 1800,
	1800, 1800, 1800, 1800, 1800, 1800, 1800, 1800, 1800, 1800, 1800, 1800, 1800, 1800, 1800, 1800, 1800, 1800,
	1800, 1800, 1800, 1800, 1800, 1800, 1800, 1800, 1800, 1800, 1800, 1800, 1800, 1800, 1800, 1800, 1800, 1800,
}

OPEN_Upper = {
	8192, 8192, 8192, 8192, 8192, 8192, 8192, 8192, 8192, 8192, 8192, 8192, 8192, 8192, 8192, 8192, 8192, 8192,
	8192, 8192, 8192, 8192, 8192, 8192, 8192, 8192, 8192, 8192, 8192, 8192, 8192, 8192, 8192, 8192, 8192, 8192,
	8192, 8192, 8192, 8192, 8192, 8192, 8192, 8192, 8192, 8192, 8192, 8192, 8192, 8192, 8192, 8192, 8192, 8192,
	8192, 8192, 8192, 8192, 8192, 8192, 8192, 8192, 8192, 8192, 8192, 8192, 8192, 8192, 8192, 8192, 8192, 8192,
	8192, 8192, 8192, 8192, 8192, 8192, 8192, 8192, 8192, 8192, 8192, 8192, 8192, 8192, 8192, 8192, 8192, 8192,
	8192, 8192, 8192, 8192, 8192, 8192, 8192, 8192, 8192, 8192, 8192, 8192, 8192, 8192, 8192, 8192, 8192, 8192,
	8192, 8192, 8192, 8192, 8192, 8192, 8192, 8192, 8192, 8192, 8192, 8192, 8192, 8192, 8192, 8192, 8192, 8192,
	8192, 8192, 8192, 8192, 8192, 8192, 8192, 8192, 8192, 8192, 8192, 8192, 8192, 8192, 8192, 8192, 8192, 8192,
	8192, 8192, 8192, 8192, 8192, 8192, 8192, 8192, 8192, 8192, 8192, 8192, 8192, 8192, 8192, 8192, 8192, 8192,
	8192, 8192, 8192, 8192, 8192, 8192, 8192, 8192, 8192, 8192, 8192, 8192, 8192, 8192, 8192, 8192, 8192, 8192,
	8192, 8192, 8192, 8192, 8192, 8192, 8192, 8192, 8192, 8192, 8192, 8192, 8192, 8192, 8192, 8192, 8192, 8192,
	8192, 8192, 8192, 8192, 8192, 8192, 8192, 8192, 8192, 8192, 8192, 8192, 8192, 8192, 8192, 8192, 8192, 8192,
	8192, 8192, 8192, 8192, 8192, 8192, 8192, 8192, 8192, 8192, 8192, 8192, 8192, 8192, 8192, 8192, 8192, 8192,
	8192, 8192, 8192, 8192, 8192, 8192, 8192, 8192, 8192, 8192, 8192, 8192, 8192, 8192, 8192, 8192, 8192, 8192,
	8192, 8192, 8192, 8192, 8192, 8192, 8192, 8192, 8192, 8192, 8192, 8192, 8192, 8192, 8192, 8192, 8192, 8192,
	8192, 8192, 8192, 8192, 8192, 8192, 8192, 8192, 8192, 8192, 8192, 8192, 8192, 8192, 8192, 8192, 8192, 8192,
	8192, 8192, 8192, 8192, 8192, 8192, 8192, 8192, 8192, 8192, 8192, 8192, 8192, 8192, 8192, 8192, 8192, 8192,
	8192, 8192, 8192, 8192, 8192, 8192, 8192, 8192, 8192, 8192, 8192, 8192, 8192, 8192, 8192, 8192, 8192, 8192,
	8192, 8192, 8192, 8192, 8192, 8192, 8192, 8192, 8192, 8192, 8192, 8192, 8192, 8192, 8192, 8192, 8192, 8192,
	8192, 8192, 8192, 8192, 8192, 8192, 8192, 8192, 8192, 8192, 8192, 8192, 8192, 8192, 8192, 8192, 8192, 8192,
	8192, 8192, 8192, 8192, 8192, 8192, 8192, 8192, 8192, 8192, 8192, 8192, 8192, 8192, 8192, 8192, 8192, 8192,
	8192, 8192, 8192, 8192, 8192, 8192, 8192, 8192, 8192, 8192, 8192, 8192, 8192, 8192, 8192, 8192, 8192, 8192,
	8192, 8192, 8192, 8192, 8192, 8192, 8192, 8192, 8192, 8192, 8192, 8192, 8192, 8192, 8192, 8192, 8192, 8192,
	8192, 8192, 8192, 8192, 8192, 8192, 8192, 8192, 8192, 8192, 8192, 8192, 8192, 8192, 8192, 8192, 8192, 8192,
	8192, 8192, 8192, 8192, 8192, 8192, 8192, 8192, 8192, 8192, 8192, 8192, 8192, 8192, 8192, 8192, 8192, 8192,
	8192, 8192, 8192, 8192, 8192, 8192, 8192, 8192, 8192, 8192, 8192, 8192, 8192, 8192, 8192, 8192, 8192, 8192,
	8192, 8192, 8192, 8192, 8192, 8192, 8192, 8192, 8192, 8192, 8192, 8192, 8192, 8192, 8192, 8192, 8192, 8192,
	8192, 8192, 8192, 8192, 8192, 8192, 8192, 8192, 8192, 8192, 8192, 8192, 8192, 8192, 8192, 8192, 8192, 8192,
	8192, 8192, 8192, 8192, 8192, 8192, 8192, 8192, 8192, 8192, 8192, 8192, 8192, 8192, 8192, 8192, 8192, 8192,
	8192, 8192, 8192, 8192, 8192, 8192, 8192, 8192, 8192, 8192, 8192, 8192, 8192, 8192, 8192, 8192, 8192, 8192,
	8192, 8192, 8192, 8192, 8192, 8192, 8192, 8192, 8192, 8192, 8192, 8192, 8192, 8192, 8192, 8192, 8192, 8192,
	8192, 8192, 8192, 8192, 8192, 8192, 8192, 8192, 8192, 8192, 8192, 8192, 8192, 8192, 8192, 8192, 8192, 8192,
	8192, 8192, 8192, 8192, 8192, 8192, 8192, 8192, 8192, 8192, 8192, 8192, 8192, 8192, 8192, 8192, 8192, 8192,
	8192, 8192, 8192, 8192, 8192, 8192, 8192, 8192, 8192, 8192, 8192, 8192, 8192, 8192, 8192, 8192, 8192, 8192,
	8192, 8192, 8192, 8192, 8192, 8192, 8192, 8192, 8192, 8192, 8192, 8192, 8192, 8192, 8192, 8192, 8192, 8192,
	8192, 8192, 8192, 8192, 8192, 8192, 8192, 8192, 8192, 8192, 8192, 8192, 8192, 8192, 8192, 8192, 8192, 8192,
	8192, 8192, 8192, 8192, 8192, 8192, 8192, 8192, 8192, 8192, 8192, 8192, 8192, 8192, 8192, 8192, 8192, 8192,
	8192, 8192, 8192, 8192, 8192, 8192, 8192, 8192, 8192, 8192, 8192, 8192, 8192, 8192, 8192, 8192, 8192, 8192,
	8192, 8192, 8192, 8192, 8192, 8192, 8192, 8192, 8192, 8192, 8192, 8192, 8192, 8192, 8192, 8192, 8192, 8192,
	8192, 8192, 8192, 8192, 8192, 8192, 8192, 8192, 8192, 8192, 8192, 8192, 8192, 8192, 8192, 8192, 8192, 8192,
	8192, 8192, 8192, 8192, 8192, 8192, 8192, 8192, 8192, 8192, 8192, 8192, 8192, 8192, 8192, 8192, 8192, 8192,
	8192, 8192, 8192, 8192, 8192, 8192, 8192, 8192, 8192, 8192, 8192, 8192, 8192, 8192, 8192, 8192, 8192, 8192,
	8192, 8192, 8192, 8192, 8192, 8192, 8192, 8192, 8192, 8192, 8192, 8192, 8192, 8192, 8192, 8192, 8192, 8192,
}

SHORT_M2_Lower = {
	2900, 2900, 2900, 2900, 2900, 2900, 2900, 2900, 2900, 2900, 2900, 2900, 2900, 2900, 2900, 2900, 2900, 2900,
	2900, 2900, 2900, 2900, 2900, 2900, 2900, 2900, 2900, 2900, 2900, 2900, 2900, 2900, 2900, 2900, 2900, 2900,
	2900, 2900, 2900, 2900, 2900, 2900, 2900, 2900, 2900, 2900, 2900, 2900, 2900, 2900, 2900, 2900, 2900, 2900,
	2900, 2900, 2900, 2900, 2900, 2900, 2900, 2900, 2900, 2900, 2900, 2900, 2900, 2900, 2900, 2900, 2900, 2900,
	2900, 2900, 2900, 2900, 2900, 2900, 2900, 2900, 2900, 2900, 2900, 2900, 2900, 2900, 2900, 2900, 2900, 2900,
	2900, 2900, 2900, 2900, 2900, 2900, 2900, 2900, 2900, 2900, 2900, 2900, 2900, 2900, 2900, 2900, 2900, 2900,
	2900, 2900, 2900, 2900, 2900, 2900, 2900, 2900, 2900, 2900, 2900, 2900, 2900, 2900, 2900, 2900, 2900, 2900,
	2900, 2900, 2900, 2900, 2900, 2900, 2900, 2900, 2900, 2900, 2900, 2900, 2900, 2900, 2900, 2900, 2900, 2900,
	2900, 2900, 2900, 2900, 2900, 2900, 2900, 2900, 2900, 2900, 2900, 2900, 2900, 2900, 2900, 2900, 2900, 2900,
	2900, 2900, 2900, 2900, 2900, 2900, 2900, 2900, 2900, 2900, 2900, 2900, 2900, 2900, 2900, 2900, 2900, 2900,
	2900, 2900, 2900, 2900, 2900, 2900, 2900, 2900, 2900, 2900, 2900, 2900, 2900, 2900, 2900, 2900, 2900, 2900,
	2900, 2900, 2900, 2900, 2900, 2900, 2900, 2900, 2900, 2900, 2900, 2900, 2900, 2900, 2900, 2900, 2900, 2900,
	2900, 2900, 2900, 2900, 2900, 2900, 2900, 2900, 2900, 2900, 2900, 2900, 2900, 2900, 2900, 2900, 2900, 2900,
	2900, 2900, 2900, 2900, 2900, 2900, 2900, 2900, 2900, 2900, 2900, 2900, 2900, 2900, 2900, 2900, 2900, 2900,
	2900, 2900, 2900, 2900, 2900, 2900, 2900, 2900, 2900, 2900, 2900, 2900, 2900, 2900, 2900, 2900, 2900, 2900,
	2900, 2900, 2900, 2900, 2900, 2900, 2900, 2900, 2900, 2900, 2900, 2900, 2900, 2900, 2900, 2900, 2900, 2900,
	2900, 2900, 2900, 2900, 2900, 2900, 2900, 2900, 2900, 2900, 2900, 2900, 2900, 2900, 2900, 2900, 2900, 2900,
	2900, 2900, 2900, 2900, 2900, 2900, 2900, 2900, 2900, 2900, 2900, 2900, 2900, 2900, 2900, 2900, 2900, 2900,
	2900, 2900, 2900, 2900, 2900, 2900, 2900, 2900, 2900, 2900, 2900, 2900, 2900, 2900, 2900, 2900, 2900, 2900,
	2900, 2900, 2900, 2900, 2900, 2900, 2900, 2900, 2900, 2900, 2900, 2900, 2900, 2900, 2900, 2900, 2900, 2900,
	2900, 2900, 2900, 2900, 2900, 2900, 2900, 2900, 2900, 2900, 2900, 2900, 2900, 2900, 2900, 2900, 2900, 2900,
	2900, 2900, 2900, 2900, 2900, 2900, 2900, 2900, 2900, 2900, 2900, 2900, 2900, 2900, 2900, 2900, 2900, 2900,
	2900, 2900, 2900, 2900, 2900, 2900, 2900, 2900, 2900, 2900, 2900, 2900, 2900, 2900, 2900, 2900, 2900, 2900,
	2900, 2900, 2900, 2900, 2900, 2900, 2900, 2900, 2900, 2900, 2900, 2900, 2900, 2900, 2900, 2900, 2900, 2900,
	2900, 2900, 2900, 2900, 2900, 2900, 2900, 2900, 2900, 2900, 2900, 2900, 2900, 2900, 2900, 2900, 2900, 2900,
	2900, 2900, 2900, 2900, 2900, 2900, 2900, 2900, 2900, 2900, 2900, 2900, 2900, 2900, 2900, 2900, 2900, 2900,
	2900, 2900, 2900, 2900, 2900, 2900, 2900, 2900, 2900, 2900, 2900, 2900, 2900, 2900, 2900, 2900, 2900, 2900,
	2900, 2900, 2900, 2900, 2900, 2900, 2900, 2900, 2900, 2900, 2900, 2900, 2900, 2900, 2900, 2900, 2900, 2900,
	2900, 2900, 2900, 2900, 2900, 2900, 2900, 2900, 2900, 2900, 2900, 2900, 2900, 2900, 2900, 2900, 2900, 2900,
	2900, 2900, 2900, 2900, 2900, 2900, 2900, 2900, 2900, 2900, 2900, 2900, 2900, 2900, 2900, 2900, 2900, 2900,
	2900, 2900, 2900, 2900, 2900, 2900, 2900, 2900, 2900, 2900, 2900, 2900, 2900, 2900, 2900, 2900, 2900, 2900,
	2900, 2900, 2900, 2900, 2900, 2900, 2900, 2900, 2900, 2900, 2900, 2900, 2900, 2900, 2900, 2900, 2900, 2900,
	2900, 2900, 2900, 2900, 2900, 2900, 2900, 2900, 2900, 2900, 2900, 2900, 2900, 2900, 2900, 2900, 2900, 2900,
	2900, 2900, 2900, 2900, 2900, 2900, 2900, 2900, 2900, 2900, 2900, 2900, 2900, 2900, 2900, 2900, 2900, 2900,
	2900, 2900, 2900, 2900, 2900, 2900, 2900, 2900, 2900, 2900, 2900, 2900, 2900, 2900, 2900, 2900, 2900, 2900,
	2900, 2900, 2900, 2900, 2900, 2900, 2900, 2900, 2900, 2900, 2900, 2900, 2900, 2900, 2900, 2900, 2900, 2900,
	2900, 2900, 2900, 2900, 2900, 2900, 2900, 2900, 2900, 2900, 2900, 2900, 2900, 2900, 2900, 2900, 2900, 2900,
	2900, 2900, 2900, 2900, 2900, 2900, 2900, 2900, 2900, 2900, 2900, 2900, 2900, 2900, 2900, 2900, 2900, 2900,
	2900, 2900, 2900, 2900, 2900, 2900, 2900, 2900, 2900, 2900, 2900, 2900, 2900, 2900, 2900, 2900, 2900, 2900,
	2900, 2900, 2900, 2900, 2900, 2900, 2900, 2900, 2900, 2900, 2900, 2900, 2900, 2900, 2900, 2900, 2900, 2900,
	2900, 2900, 2900, 2900, 2900, 2900, 2900, 2900, 2900, 2900, 2900, 2900, 2900, 2900, 2900, 2900, 2900, 2900,
	2900, 2900, 2900, 2900, 2900, 2900, 2900, 2900, 2900, 2900, 2900, 2900, 2900, 2900, 2900, 2900, 2900, 2900,
	2900, 2900, 2900, 2900, 2900, 2900, 2900, 2900, 2900, 2900, 2900, 2900, 2900, 2900, 2900, 2900, 2900, 2900,
}

SHORT_M2_Upper = {
	8192, 8192, 8192, 8192, 8192, 8192, 8192, 8192, 8192, 8192, 8192, 8192, 8192, 8192, 8192, 8192, 8192, 8192,
	8192, 8192, 8192, 8192, 8192, 8192, 8192, 8192, 8192, 8192, 8192, 8192, 8192, 8192, 8192, 8192, 8192, 8192,
	8192, 8192, 8192, 8192, 8192, 8192, 8192, 8192, 8192, 8192, 8192, 8192, 8192, 8192, 8192, 8192, 8192, 8192,
	8192, 8192, 8192, 8192, 8192, 8192, 8192, 8192, 8192, 8192, 8192, 8192, 8192, 8192, 8192, 8192, 8192, 8192,
	8192, 8192, 8192, 8192, 8192, 8192, 8192, 8192, 8192, 8192, 8192, 8192, 8192, 8192, 8192, 8192, 8192, 8192,
	8192, 8192, 8192, 8192, 8192, 8192, 8192, 8192, 8192, 8192, 8192, 8192, 8192, 8192, 8192, 8192, 8192, 8192,
	8192, 8192, 8192, 8192, 8192, 8192, 8192, 8192, 8192, 8192, 8192, 8192, 8192, 8192, 8192, 8192, 8192, 8192,
	8192, 8192, 8192, 8192, 8192, 8192, 8192, 8192, 8192, 8192, 8192, 8192, 8192, 8192, 8192, 8192, 8192, 8192,
	8192, 8192, 8192, 8192, 8192, 8192, 8192, 8192, 8192, 8192, 8192, 8192, 8192, 8192, 8192, 8192, 8192, 8192,
	8192, 8192, 8192, 8192, 8192, 8192, 8192, 8192, 8192, 8192, 8192, 8192, 8192, 8192, 8192, 8192, 8192, 8192,
	8192, 8192, 8192, 8192, 8192, 8192, 8192, 8192, 8192, 8192, 8192, 8192, 8192, 8192, 8192, 8192, 8192, 8192,
	8192, 8192, 8192, 8192, 8192, 8192, 8192, 8192, 8192, 8192, 8192, 8192, 8192, 8192, 8192, 8192, 8192, 8192,
	8192, 8192, 8192, 8192, 8192, 8192, 8192, 8192, 8192, 8192, 8192, 8192, 8192, 8192, 8192, 8192, 8192, 8192,
	8192, 8192, 8192, 8192, 8192, 8192, 8192, 8192, 8192, 8192, 8192, 8192, 8192, 8192, 8192, 8192, 8192, 8192,
	8192, 8192, 8192, 8192, 8192, 8192, 8192, 8192, 8192, 8192, 8192, 8192, 8192, 8192, 8192, 8192, 8192, 8192,
	8192, 8192, 8192, 8192, 8192, 8192, 8192, 8192, 8192, 8192, 8192, 8192, 8192, 8192, 8192, 8192, 8192, 8192,
	8192, 8192, 8192, 8192, 8192, 8192, 8192, 8192, 8192, 8192, 8192, 8192, 8192, 8192, 8192, 8192, 8192, 8192,
	8192, 8192, 8192, 8192, 8192, 8192, 8192, 8192, 8192, 8192, 8192, 8192, 8192, 8192, 8192, 8192, 8192, 8192,
	8192, 8192, 8192, 8192, 8192, 8192, 8192, 8192, 8192, 8192, 8192, 8192, 8192, 8192, 8192, 8192, 8192, 8192,
	8192, 8192, 8192, 8192, 8192, 8192, 8192, 8192, 8192, 8192, 8192, 8192, 8192, 8192, 8192, 8192, 8192, 8192,
	8192, 8192, 8192, 8192, 8192, 8192, 8192, 8192, 8192, 8192, 8192, 8192, 8192, 8192, 8192, 8192, 8192, 8192,
	8192, 8192, 8192, 8192, 8192, 8192, 8192, 8192, 8192, 8192, 8192, 8192, 8192, 8192, 8192, 8192, 8192, 8192,
	8192, 8192, 8192, 8192, 8192, 8192, 8192, 8192, 8192, 8192, 8192, 8192, 8192, 8192, 8192, 8192, 8192, 8192,
	8192, 8192, 8192, 8192, 8192, 8192, 8192, 8192, 8192, 8192, 8192, 8192, 8192, 8192, 8192, 8192, 8192, 8192,
	8192, 8192, 8192, 8192, 8192, 8192, 8192, 8192, 8192, 8192, 8192, 8192, 8192, 8192, 8192, 8192, 8192, 8192,
	8192, 8192, 8192, 8192, 8192, 8192, 8192, 8192, 8192, 8192, 8192, 8192, 8192, 8192, 8192, 8192, 8192, 8192,
	8192, 8192, 8192, 8192, 8192, 8192, 8192, 8192, 8192, 8192, 8192, 8192, 8192, 8192, 8192, 8192, 8192, 8192,
	8192, 8192, 8192, 8192, 8192, 8192, 8192, 8192, 8192, 8192, 8192, 8192, 8192, 8192, 8192, 8192, 8192, 8192,
	8192, 8192, 8192, 8192, 8192, 8192, 8192, 8192, 8192, 8192, 8192, 8192, 8192, 8192, 8192, 8192, 8192, 8192,
	8192, 8192, 8192, 8192, 8192, 8192, 8192, 8192, 8192, 8192, 8192, 8192, 8192, 8192, 8192, 8192, 8192, 8192,
	8192, 8192, 8192, 8192, 8192, 8192, 8192, 8192, 8192, 8192, 8192, 8192, 8192, 8192, 8192, 8192, 8192, 8192,
	8192, 8192, 8192, 8192, 8192, 8192, 8192, 8192, 8192, 8192, 8192, 8192, 8192, 8192, 8192, 8192, 8192, 8192,
	8192, 8192, 8192, 8192, 8192, 8192, 8192, 8192, 8192, 8192, 8192, 8192, 8192, 8192, 8192, 8192, 8192, 8192,
	8192, 8192, 8192, 8192, 8192, 8192, 8192, 8192, 8192, 8192, 8192, 8192, 8192, 8192, 8192, 8192, 8192, 8192,
	8192, 8192, 8192, 8192, 8192, 8192, 8192, 8192, 8192, 8192, 8192, 8192, 8192, 8192, 8192, 8192, 8192, 8192,
	8192, 8192, 8192, 8192, 8192, 8192, 8192, 8192, 8192, 8192, 8192, 8192, 8192, 8192, 8192, 8192, 8192, 8192,
	8192, 8192, 8192, 8192, 8192, 8192, 8192, 8192, 8192, 8192, 8192, 8192, 8192, 8192, 8192, 8192, 8192, 8192,
	8192, 8192, 8192, 8192, 8192, 8192, 8192, 8192, 8192, 8192, 8192, 8192, 8192, 8192, 8192, 8192, 8192, 8192,
	8192, 8192, 8192, 8192, 8192, 8192, 8192, 8192, 8192, 8192, 8192, 8192, 8192, 8192, 8192, 8192, 8192, 8192,
	8192, 8192, 8192, 8192, 8192, 8192, 8192, 8192, 8192, 8192, 8192, 8192, 8192, 8192, 8192, 8192, 8192, 8192,
	8192, 8192, 8192, 8192, 8192, 8192, 8192, 8192, 8192, 8192, 8192, 8192, 8192, 8192, 8192, 8192, 8192, 8192,
	8192, 8192, 8192, 8192, 8192, 8192, 8192, 8192, 8192, 8192, 8192, 8192, 8192, 8192, 8192, 8192, 8192, 8192,
	8192, 8192, 8192, 8192, 8192, 8192, 8192, 8192, 8192, 8192, 8192, 8192, 8192, 8192, 8192, 8192, 8192, 8192,
}

U3_M2_Lower = {
	3800, 3800, 3800, 3800, 3800, 3800, 3800, 3800, 3800, 3800, 3800, 3800, 3800, 3800, 3800, 3800, 3800, 3800,
	3800, 3800, 3800, 3800, 3800, 3800, 3800, 3800, 3800, 3800, 3800, 3800, 3800, 3800, 3800, 3800, 3800, 3800,
	3800, 3800, 3800, 3800, 3800, 3800, 3800, 3800, 3800, 3800, 3800, 3800, 3800, 3800, 3800, 3800, 3800, 3800,
	3800, 3800, 3800, 3800, 3800, 3800, 3800, 3800, 3800, 3800, 3800, 3800, 3800, 3800, 3800, 3800, 3800, 3800,
	3800, 3800, 3800, 3800, 3800, 3800, 3800, 3800, 3800, 3800, 3800, 3800, 3800, 3800, 3800, 3800, 3800, 3800,
	3800, 3800, 3800, 3800, 3800, 3800, 3800, 3800, 3800, 3800, 3800, 3800, 3800, 3800, 3800, 3800, 3800, 3800,
	3800, 3800, 3800, 3800, 3800, 3800, 3800, 3800, 3800, 3800, 3800, 3800, 3800, 3800, 3800, 3800, 3800, 3800,
	3800, 3800, 3800, 3800, 3800, 3800, 3800, 3800, 3800, 3800, 3800, 3800, 3800, 3800, 3800, 3800, 3800, 3800,
	3800, 3800, 3800, 3800, 3800, 3800, 3800, 3800, 3800, 3800, 3800, 3800, 3800, 3800, 3800, 3800, 3800, 3800,
	3800, 3800, 3800, 3800, 3800, 3800, 3800, 3800, 3800, 3800, 3800, 3800, 3800, 3800, 3800, 3800, 3800, 3800,
	3800, 3800, 3800, 3800, 3800, 3800, 3800, 3800, 3800, 3800, 3800, 3800, 3800, 3800, 3800, 3800, 3800, 3800,
	3800, 3800, 3800, 3800, 3800, 3800, 3800, 3800, 3800, 3800, 3800, 3800, 3800, 3800, 3800, 3800, 3800, 3800,
	3800, 3800, 3800, 3800, 3800, 3800, 3800, 3800, 3800, 3800, 3800, 3800, 3800, 3800, 3800, 3800, 3800, 3800,
	3800, 3800, 3800, 3800, 3800, 3800, 3800, 3800, 3800, 3800, 3800, 3800, 3800, 3800, 3800, 3800, 3800, 3800,
	3800, 3800, 3800, 3800, 3800, 3800, 3800, 3800, 3800, 3800, 3800, 3800, 3800, 3800, 3800, 3800, 3800, 3800,
	3800, 3800, 3800, 3800, 3800, 3800, 3800, 3800, 3800, 3800, 3800, 3800, 3800, 3800, 3800, 3800, 3800, 3800,
	3800, 3800, 3800, 3800, 3800, 3800, 3800, 3800, 3800, 3800, 3800, 3800, 3800, 3800, 3800, 3800, 3800, 3800,
	3800, 3800, 3800, 3800, 3800, 3800, 3800, 3800, 3800, 3800, 3800, 3800, 3800, 3800, 3800, 3800, 3800, 3800,
	3800, 3800, 3800, 3800, 3800, 3800, 3800, 3800, 3800, 3800, 3800, 3800, 3800, 3800, 3800, 3800, 3800, 3800,
	3800, 3800, 3800, 3800, 3800, 3800, 3800, 3800, 3800, 3800, 3800, 3800, 3800, 3800, 3800, 3800, 3800, 3800,
	3800, 3800, 3800, 3800, 3800, 3800, 3800, 3800, 3800, 3800, 3800, 3800, 3800, 3800, 3800, 3800, 3800, 3800,
	3800, 3800, 3800, 3800, 3800, 3800, 3800, 3800, 3800, 3800, 3800, 3800, 3800, 3800, 3800, 3800, 3800, 3800,
	3800, 3800, 3800, 3800, 3800, 3800, 3800, 3800, 3800, 3800, 3800, 3800, 3800, 3800, 3800, 3800, 3800, 3800,
	3800, 3800, 3800, 3800, 3800, 3800, 3800, 3800, 3800, 3800, 3800, 3800, 3800, 3800, 3800, 3800, 3800, 3800,
	3800, 3800, 3800, 3800, 3800, 3800, 3800, 3800, 3800, 3800, 3800, 3800, 3800, 3800, 3800, 3800, 3800, 3800,
	3800, 3800, 3800, 3800, 3800, 3800, 3800, 3800, 3800, 3800, 3800, 3800, 3800, 3800, 3800, 3800, 3800, 3800,
	3800, 3800, 3800, 3800, 3800, 3800, 3800, 3800, 3800, 3800, 3800, 3800, 3800, 3800, 3800, 3800, 3800, 3800,
	3800, 3800, 3800, 3800, 3800, 3800, 3800, 3800, 3800, 3800, 3800, 3800, 3800, 3800, 3800, 3800, 3800, 3800,
	3800, 3800, 3800, 3800, 3800, 3800, 3800, 3800, 3800, 3800, 3800, 3800, 3800, 3800, 3800, 3800, 3800, 3800,
	3800, 3800, 3800, 3800, 3800, 3800, 3800, 3800, 3800, 3800, 3800, 3800, 3800, 3800, 3800, 3800, 3800, 3800,
	3800, 3800, 3800, 3800, 3800, 3800, 3800, 3800, 3800, 3800, 3800, 3800, 3800, 3800, 3800, 3800, 3800, 3800,
	3800, 3800, 3800, 3800, 3800, 3800, 3800, 3800, 3800, 3800, 3800, 3800, 3800, 3800, 3800, 3800, 3800, 3800,
	3800, 3800, 3800, 3800, 3800, 3800, 3800, 3800, 3800, 3800, 3800, 3800, 3800, 3800, 3800, 3800, 3800, 3800,
	3800, 3800, 3800, 3800, 3800, 3800, 3800, 3800, 3800, 3800, 3800, 3800, 3800, 3800, 3800, 3800, 3800, 3800,
	3800, 3800, 3800, 3800, 3800, 3800, 3800, 3800, 3800, 3800, 3800, 3800, 3800, 3800, 3800, 3800, 3800, 3800,
	3800, 3800, 3800, 3800, 3800, 3800, 3800, 3800, 3800, 3800, 3800, 3800, 3800, 3800, 3800, 3800, 3800, 3800,
	3800, 3800, 3800, 3800, 3800, 3800, 3800, 3800, 3800, 3800, 3800, 3800, 3800, 3800, 3800, 3800, 3800, 3800,
	3800, 3800, 3800, 3800, 3800, 3800, 3800, 3800, 3800, 3800, 3800, 3800, 3800, 3800, 3800, 3800, 3800, 3800,
	3800, 3800, 3800, 3800, 3800, 3800, 3800, 3800, 3800, 3800, 3800, 3800, 3800, 3800, 3800, 3800, 3800, 3800,
	3800, 3800, 3800, 3800, 3800, 3800, 3800, 3800, 3800, 3800, 3800, 3800, 3800, 3800, 3800, 3800, 3800, 3800,
	3800, 3800, 3800, 3800, 3800, 3800, 3800, 3800, 3800, 3800, 3800, 3800, 3800, 3800, 3800, 3800, 3800, 3800,
}
U3_M2_Upper = {
	6200, 6200, 6200, 6200, 6200, 6200, 6200, 6200, 6200, 6200, 6200, 6200, 6200, 6200, 6200, 6200, 6200, 6200,
	6200, 6200, 6200, 6200, 6200, 6200, 6200, 6200, 6200, 6200, 6200, 6200, 6200, 6200, 6200, 6200, 6200, 6200,
	6200, 6200, 6200, 6200, 6200, 6200, 6200, 6200, 6200, 6200, 6200, 6200, 6200, 6200, 6200, 6200, 6200, 6200,
	6200, 6200, 6200, 6200, 6200, 6200, 6200, 6200, 6200, 6200, 6200, 6200, 6200, 6200, 6200, 6200, 6200, 6200,
	6200, 6200, 6200, 6200, 6200, 6200, 6200, 6200, 6200, 6200, 6200, 6200, 6200, 6200, 6200, 6200, 6200, 6200,
	6200, 6200, 6200, 6200, 6200, 6200, 6200, 6200, 6200, 6200, 6200, 6200, 6200, 6200, 6200, 6200, 6200, 6200,
	6200, 6200, 6200, 6200, 6200, 6200, 6200, 6200, 6200, 6200, 6200, 6200, 6200, 6200, 6200, 6200, 6200, 6200,
	6200, 6200, 6200, 6200, 6200, 6200, 6200, 6200, 6200, 6200, 6200, 6200, 6200, 6200, 6200, 6200, 6200, 6200,
	6200, 6200, 6200, 6200, 6200, 6200, 6200, 6200, 6200, 6200, 6200, 6200, 6200, 6200, 6200, 6200, 6200, 6200,
	6200, 6200, 6200, 6200, 6200, 6200, 6200, 6200, 6200, 6200, 6200, 6200, 6200, 6200, 6200, 6200, 6200, 6200,
	6200, 6200, 6200, 6200, 6200, 6200, 6200, 6200, 6200, 6200, 6200, 6200, 6200, 6200, 6200, 6200, 6200, 6200,
	6200, 6200, 6200, 6200, 6200, 6200, 6200, 6200, 6200, 6200, 6200, 6200, 6200, 6200, 6200, 6200, 6200, 6200,
	6200, 6200, 6200, 6200, 6200, 6200, 6200, 6200, 6200, 6200, 6200, 6200, 6200, 6200, 6200, 6200, 6200, 6200,
	6200, 6200, 6200, 6200, 6200, 6200, 6200, 6200, 6200, 6200, 6200, 6200, 6200, 6200, 6200, 6200, 6200, 6200,
	6200, 6200, 6200, 6200, 6200, 6200, 6200, 6200, 6200, 6200, 6200, 6200, 6200, 6200, 6200, 6200, 6200, 6200,
	6200, 6200, 6200, 6200, 6200, 6200, 6200, 6200, 6200, 6200, 6200, 6200, 6200, 6200, 6200, 6200, 6200, 6200,
	6200, 6200, 6200, 6200, 6200, 6200, 6200, 6200, 6200, 6200, 6200, 6200, 6200, 6200, 6200, 6200, 6200, 6200,
	6200, 6200, 6200, 6200, 6200, 6200, 6200, 6200, 6200, 6200, 6200, 6200, 6200, 6200, 6200, 6200, 6200, 6200,
	6200, 6200, 6200, 6200, 6200, 6200, 6200, 6200, 6200, 6200, 6200, 6200, 6200, 6200, 6200, 6200, 6200, 6200,
	6200, 6200, 6200, 6200, 6200, 6200, 6200, 6200, 6200, 6200, 6200, 6200, 6200, 6200, 6200, 6200, 6200, 6200,
	6200, 6200, 6200, 6200, 6200, 6200, 6200, 6200, 6200, 6200, 6200, 6200, 6200, 6200, 6200, 6200, 6200, 6200,
	6200, 6200, 6200, 6200, 6200, 6200, 6200, 6200, 6200, 6200, 6200, 6200, 6200, 6200, 6200, 6200, 6200, 6200,
	6200, 6200, 6200, 6200, 6200, 6200, 6200, 6200, 6200, 6200, 6200, 6200, 6200, 6200, 6200, 6200, 6200, 6200,
	6200, 6200, 6200, 6200, 6200, 6200, 6200, 6200, 6200, 6200, 6200, 6200, 6200, 6200, 6200, 6200, 6200, 6200,
	6200, 6200, 6200, 6200, 6200, 6200, 6200, 6200, 6200, 6200, 6200, 6200, 6200, 6200, 6200, 6200, 6200, 6200,
	6200, 6200, 6200, 6200, 6200, 6200, 6200, 6200, 6200, 6200, 6200, 6200, 6200, 6200, 6200, 6200, 6200, 6200,
	6200, 6200, 6200, 6200, 6200, 6200, 6200, 6200, 6200, 6200, 6200, 6200, 6200, 6200, 6200, 6200, 6200, 6200,
	6200, 6200, 6200, 6200, 6200, 6200, 6200, 6200, 6200, 6200, 6200, 6200, 6200, 6200, 6200, 6200, 6200, 6200,
	6200, 6200, 6200, 6200, 6200, 6200, 6200, 6200, 6200, 6200, 6200, 6200, 6200, 6200, 6200, 6200, 6200, 6200,
	6200, 6200, 6200, 6200, 6200, 6200, 6200, 6200, 6200, 6200, 6200, 6200, 6200, 6200, 6200, 6200, 6200, 6200,
	6200, 6200, 6200, 6200, 6200, 6200, 6200, 6200, 6200, 6200, 6200, 6200, 6200, 6200, 6200, 6200, 6200, 6200,
	6200, 6200, 6200, 6200, 6200, 6200, 6200, 6200, 6200, 6200, 6200, 6200, 6200, 6200, 6200, 6200, 6200, 6200,
	6200, 6200, 6200, 6200, 6200, 6200, 6200, 6200, 6200, 6200, 6200, 6200, 6200, 6200, 6200, 6200, 6200, 6200,
	6200, 6200, 6200, 6200, 6200, 6200, 6200, 6200, 6200, 6200, 6200, 6200, 6200, 6200, 6200, 6200, 6200, 6200,
	6200, 6200, 6200, 6200, 6200, 6200, 6200, 6200, 6200, 6200, 6200, 6200, 6200, 6200, 6200, 6200, 6200, 6200,
	6200, 6200, 6200, 6200, 6200, 6200, 6200, 6200, 6200, 6200, 6200, 6200, 6200, 6200, 6200, 6200, 6200, 6200,
	6200, 6200, 6200, 6200, 6200, 6200, 6200, 6200, 6200, 6200, 6200, 6200, 6200, 6200, 6200, 6200, 6200, 6200,
	6200, 6200, 6200, 6200, 6200, 6200, 6200, 6200, 6200, 6200, 6200, 6200, 6200, 6200, 6200, 6200, 6200, 6200,
	6200, 6200, 6200, 6200, 6200, 6200, 6200, 6200, 6200, 6200, 6200, 6200, 6200, 6200, 6200, 6200, 6200, 6200,
	6200, 6200, 6200, 6200, 6200, 6200, 6200, 6200, 6200, 6200, 6200, 6200, 6200, 6200, 6200, 6200, 6200, 6200,
	6200, 6200, 6200, 6200, 6200, 6200, 6200, 6200, 6200, 6200, 6200, 6200, 6200, 6200, 6200, 6200, 6200, 6200,
}
U3_M2_JITTER_Lower = {
	0, 0, 0, 0, 0, 0, 0, 0, 0, 0, 0, 0, 0, 0, 0, 0, 0, 0,
	0, 0, 0, 0, 0, 0, 0, 0, 0, 0, 0, 0, 0, 0, 0, 0, 0, 0,
	0, 0, 0, 0, 0, 0, 0, 0, 0, 0, 0, 0, 0, 0, 0, 0, 0, 0,
	0, 0, 0, 0, 0, 0, 0, 0, 0, 0, 0, 0, 0, 0, 0, 0, 0, 0,
	0, 0, 0, 0, 0, 0, 0, 0, 0, 0, 0, 0, 0, 0, 0, 0, 0, 0,
	0, 0, 0, 0, 0, 0, 0, 0, 0, 0, 0, 0, 0, 0, 0, 0, 0, 0,
	0, 0, 0, 0, 0, 0, 0, 0, 0, 0, 0, 0, 0, 0, 0, 0, 0, 0,
	0, 0, 0, 0, 0, 0, 0, 0, 0, 0, 0, 0, 0, 0, 0, 0, 0, 0,
	0, 0, 0, 0, 0, 0, 0, 0, 0, 0, 0, 0, 0, 0, 0, 0, 0, 0,
	0, 0, 0, 0, 0, 0, 0, 0, 0, 0, 0, 0, 0, 0, 0, 0, 0, 0,
	0, 0, 0, 0, 0, 0, 0, 0, 0, 0, 0, 0, 0, 0, 0, 0, 0, 0,
	0, 0, 0, 0, 0, 0, 0, 0, 0, 0, 0, 0, 0, 0, 0, 0, 0, 0,
	0, 0, 0, 0, 0, 0, 0, 0, 0, 0, 0, 0, 0, 0, 0, 0, 0, 0,
	0, 0, 0, 0, 0, 0, 0, 0, 0, 0, 0, 0, 0, 0, 0, 0, 0, 0,
	0, 0, 0, 0, 0, 0, 0, 0, 0, 0, 0, 0, 0, 0, 0, 0, 0, 0,
	0, 0, 0, 0, 0, 0, 0, 0, 0, 0, 0, 0, 0, 0, 0, 0, 0, 0,
	0, 0, 0, 0, 0, 0, 0, 0, 0, 0, 0, 0, 0, 0, 0, 0, 0, 0,
	0, 0, 0, 0, 0, 0, 0, 0, 0, 0, 0, 0, 0, 0, 0, 0, 0, 0,
	0, 0, 0, 0, 0, 0, 0, 0, 0, 0, 0, 0, 0, 0, 0, 0, 0, 0,
	0, 0, 0, 0, 0, 0, 0, 0, 0, 0, 0, 0, 0, 0, 0, 0, 0, 0,
	0, 0, 0, 0, 0, 0, 0, 0, 0, 0, 0, 0, 0, 0, 0, 0, 0, 0,
	0, 0, 0, 0, 0, 0, 0, 0, 0, 0, 0, 0, 0, 0, 0, 0, 0, 0,
	0, 0, 0, 0, 0, 0, 0, 0, 0, 0, 0, 0, 0, 0, 0, 0, 0, 0,
	0, 0, 0, 0, 0, 0, 0, 0, 0, 0, 0, 0, 0, 0, 0, 0, 0, 0,
	0, 0, 0, 0, 0, 0, 0, 0, 0, 0, 0, 0, 0, 0, 0, 0, 0, 0,
	0, 0, 0, 0, 0, 0, 0, 0, 0, 0, 0, 0, 0, 0, 0, 0, 0, 0,
	0, 0, 0, 0, 0, 0, 0, 0, 0, 0, 0, 0, 0, 0, 0, 0, 0, 0,
	0, 0, 0, 0, 0, 0, 0, 0, 0, 0, 0, 0, 0, 0, 0, 0, 0, 0,
	0, 0, 0, 0, 0, 0, 0, 0, 0, 0, 0, 0, 0, 0, 0, 0, 0, 0,
	0, 0, 0, 0, 0, 0, 0, 0, 0, 0, 0, 0, 0, 0, 0, 0, 0, 0,
	0, 0, 0, 0, 0, 0, 0, 0, 0, 0, 0, 0, 0, 0, 0, 0, 0, 0,
	0, 0, 0, 0, 0, 0, 0, 0, 0, 0, 0, 0, 0, 0, 0, 0, 0, 0,
	0, 0, 0, 0, 0, 0, 0, 0, 0, 0, 0, 0, 0, 0, 0, 0, 0, 0,
	0, 0, 0, 0, 0, 0, 0, 0, 0, 0, 0, 0, 0, 0, 0, 0, 0, 0,
	0, 0, 0, 0, 0, 0, 0, 0, 0, 0, 0, 0, 0, 0, 0, 0, 0, 0,
	0, 0, 0, 0, 0, 0, 0, 0, 0, 0, 0, 0, 0, 0, 0, 0, 0, 0,
	0, 0, 0, 0, 0, 0, 0, 0, 0, 0, 0, 0, 0, 0, 0, 0, 0, 0,
	0, 0, 0, 0, 0, 0, 0, 0, 0, 0, 0, 0, 0, 0, 0, 0, 0, 0,
	0, 0, 0, 0, 0, 0, 0, 0, 0, 0, 0, 0, 0, 0, 0, 0, 0, 0,
	0, 0, 0, 0, 0, 0, 0, 0, 0, 0, 0, 0, 0, 0, 0, 0, 0, 0,
	0, 0, 0, 0, 0, 0, 0, 0, 0, 0, 0, 0, 0, 0, 0, 0, 0, 0,
}
U3_M2_JITTER_Upper = {
	60, 60, 60, 60, 60, 60, 60, 60, 60, 60, 60, 60, 60, 60, 60, 60, 60, 60,
	60, 60, 60, 60, 60, 60, 60, 60, 60, 60, 60, 60, 60, 60, 60, 60, 60, 60,
	60, 60, 60, 60, 60, 60, 60, 60, 60, 60, 60, 60, 60, 60, 60, 60, 60, 60,
	60, 60, 60, 60, 60, 60, 60, 60, 60, 60, 60, 60, 60, 60, 60, 60, 60, 60,
	60, 60, 60, 60, 60, 60, 60, 60, 60, 60, 60, 60, 60, 60, 60, 60, 60, 60,
	60, 60, 60, 60, 60, 60, 60, 60, 60, 60, 60, 60, 60, 60, 60, 60, 60, 60,
	60, 60, 60, 60, 60, 60, 60, 60, 60, 60, 60, 60, 60, 60, 60, 60, 60, 60,
	60, 60, 60, 60, 60, 60, 60, 60, 60, 60, 60, 60, 60, 60, 60, 60, 60, 60,
	60, 60, 60, 60, 60, 60, 60, 60, 60, 60, 60, 60, 60, 60, 60, 60, 60, 60,
	60, 60, 60, 60, 60, 60, 60, 60, 60, 60, 60, 60, 60, 60, 60, 60, 60, 60,
	60, 60, 60, 60, 60, 60, 60, 60, 60, 60, 60, 60, 60, 60, 60, 60, 60, 60,
	60, 60, 60, 60, 60, 60, 60, 60, 60, 60, 60, 60, 60, 60, 60, 60, 60, 60,
	60, 60, 60, 60, 60, 60, 60, 60, 60, 60, 60, 60, 60, 60, 60, 60, 60, 60,
	60, 60, 60, 60, 60, 60, 60, 60, 60, 60, 60, 60, 60, 60, 60, 60, 60, 60,
	60, 60, 60, 60, 60, 60, 60, 60, 60, 60, 60, 60, 60, 60, 60, 60, 60, 60,
	60, 60, 60, 60, 60, 60, 60, 60, 60, 60, 60, 60, 60, 60, 60, 60, 60, 60,
	60, 60, 60, 60, 60, 60, 60, 60, 60, 60, 60, 60, 60, 60, 60, 60, 60, 60,
	60, 60, 60, 60, 60, 60, 60, 60, 60, 60, 60, 60, 60, 60, 60, 60, 60, 60,
	60, 60, 60, 60, 60, 60, 60, 60, 60, 60, 60, 60, 60, 60, 60, 60, 60, 60,
	60, 60, 60, 60, 60, 60, 60, 60, 60, 60, 60, 60, 60, 60, 60, 60, 60, 60,
	60, 60, 60, 60, 60, 60, 60, 60, 60, 60, 60, 60, 60, 60, 60, 60, 60, 60,
	60, 60, 60, 60, 60, 60, 60, 60, 60, 60, 60, 60, 60, 60, 60, 60, 60, 60,
	60, 60, 60, 60, 60, 60, 60, 60, 60, 60, 60, 60, 60, 60, 60, 60, 60, 60,
	60, 60, 60, 60, 60, 60, 60, 60, 60, 60, 60, 60, 60, 60, 60, 60, 60, 60,
	60, 60, 60, 60, 60, 60, 60, 60, 60, 60, 60, 60, 60, 60, 60, 60, 60, 60,
	60, 60, 60, 60, 60, 60, 60, 60, 60, 60, 60, 60, 60, 60, 60, 60, 60, 60,
	60, 60, 60, 60, 60, 60, 60, 60, 60, 60, 60, 60, 60, 60, 60, 60, 60, 60,
	60, 60, 60, 60, 60, 60, 60, 60, 60, 60, 60, 60, 60, 60, 60, 60, 60, 60,
	60, 60, 60, 60, 60, 60, 60, 60, 60, 60, 60, 60, 60, 60, 60, 60, 60, 60,
	60, 60, 60, 60, 60, 60, 60, 60, 60, 60, 60, 60, 60, 60, 60, 60, 60, 60,
	60, 60, 60, 60, 60, 60, 60, 60, 60, 60, 60, 60, 60, 60, 60, 60, 60, 60,
	60, 60, 60, 60, 60, 60, 60, 60, 60, 60, 60, 60, 60, 60, 60, 60, 60, 60,
	60, 60, 60, 60, 60, 60, 60, 60, 60, 60, 60, 60, 60, 60, 60, 60, 60, 60,
	60, 60, 60, 60, 60, 60, 60, 60, 60, 60, 60, 60, 60, 60, 60, 60, 60, 60,
	60, 60, 60, 60, 60, 60, 60, 60, 60, 60, 60, 60, 60, 60, 60, 60, 60, 60,
	60, 60, 60, 60, 60, 60, 60, 60, 60, 60, 60, 60, 60, 60, 60, 60, 60, 60,
	60, 60, 60, 60, 60, 60, 60, 60, 60, 60, 60, 60, 60, 60, 60, 60, 60, 60,
	60, 60, 60, 60, 60, 60, 60, 60, 60, 60, 60, 60, 60, 60, 60, 60, 60, 60,
	60, 60, 60, 60, 60, 60, 60, 60, 60, 60, 60, 60, 60, 60, 60, 60, 60, 60,
	60, 60, 60, 60, 60, 60, 60, 60, 60, 60, 60, 60, 60, 60, 60, 60, 60, 60,
	60, 60, 60, 60, 60, 60, 60, 60, 60, 60, 60, 60, 60, 60, 60, 60, 60, 60,
}
U0_M1_Lower = {
	500, 500, 500, 500, 500, 500, 500, 500, 500, 500, 500, 500, 500, 500, 500, 500, 500, 500,
	500, 500, 500, 500, 500, 500, 500, 500, 500, 500, 500, 500, 500, 500, 500, 500, 500, 500,
	500, 500, 500, 500, 500, 500, 500, 500, 500, 500, 500, 500, 500, 500, 500, 500, 500, 500,
	500, 500, 500, 500, 500, 500, 500, 500, 500, 500, 500, 500, 500, 500, 500, 500, 500, 500,
	500, 500, 500, 500, 500, 500, 500, 500, 500, 500, 500, 500, 500, 500, 500, 500, 500, 500,
	500, 500, 500, 500, 500, 500, 500, 500, 500, 500, 500, 500, 500, 500, 500, 500, 500, 500,
	500, 500, 500, 500, 500, 500, 500, 500, 500, 500, 500, 500, 500, 500, 500, 500, 500, 500,
	500, 500, 500, 500, 500, 500, 500, 500, 500, 500, 500, 500, 500, 500, 500, 500, 500, 500,
	500, 500, 500, 500, 500, 500, 500, 500, 500, 500, 500, 500, 500, 500, 500, 500, 500, 500,
	500, 500, 500, 500, 500, 500, 500, 500, 500, 500, 500, 500, 500, 500, 500, 500, 500, 500,
	500, 500, 500, 500, 500, 500, 500, 500, 500, 500, 500, 500, 500, 500, 500, 500, 500, 500,
	500, 500, 500, 500, 500, 500, 500, 500, 500, 500, 500, 500, 500, 500, 500, 500, 500, 500,
	500, 500, 500, 500, 500, 500, 500, 500, 500, 500, 500, 500, 500, 500, 500, 500, 500, 500,
	500, 500, 500, 500, 500, 500, 500, 500, 500, 500, 500, 500, 500, 500, 500, 500, 500, 500,
	500, 500, 500, 500, 500, 500, 500, 500, 500, 500, 500, 500, 500, 500, 500, 500, 500, 500,
	500, 500, 500, 500, 500, 500, 500, 500, 500, 500, 500, 500, 500, 500, 500, 500, 500, 500,
	500, 500, 500, 500, 500, 500, 500, 500, 500, 500, 500, 500, 500, 500, 500, 500, 500, 500,
	500, 500, 500, 500, 500, 500, 500, 500, 500, 500, 500, 500, 500, 500, 500, 500, 500, 500,
	500, 500, 500, 500, 500, 500, 500, 500, 500, 500, 500, 500, 500, 500, 500, 500, 500, 500,
	500, 500, 500, 500, 500, 500, 500, 500, 500, 500, 500, 500, 500, 500, 500, 500, 500, 500,
	500, 500, 500, 500, 500, 500, 500, 500, 500, 500, 500, 500, 500, 500, 500, 500, 500, 500,
	500, 500, 500, 500, 500, 500, 500, 500, 500, 500, 500, 500, 500, 500, 500, 500, 500, 500,
	500, 500, 500, 500, 500, 500, 500, 500, 500, 500, 500, 500, 500, 500, 500, 500, 500, 500,
	500, 500, 500, 500, 500, 500, 500, 500, 500, 500, 500, 500, 500, 500, 500, 500, 500, 500,
	500, 500, 500, 500, 500, 500, 500, 500, 500, 500, 500, 500, 500, 500, 500, 500, 500, 500,
	500, 500, 500, 500, 500, 500, 500, 500, 500, 500, 500, 500, 500, 500, 500, 500, 500, 500,
	500, 500, 500, 500, 500, 500, 500, 500, 500, 500, 500, 500, 500, 500, 500, 500, 500, 500,
	500, 500, 500, 500, 500, 500, 500, 500, 500, 500, 500, 500, 500, 500, 500, 500, 500, 500,
	500, 500, 500, 500, 500, 500, 500, 500, 500, 500, 500, 500, 500, 500, 500, 500, 500, 500,
	500, 500, 500, 500, 500, 500, 500, 500, 500, 500, 500, 500, 500, 500, 500, 500, 500, 500,
	500, 500, 500, 500, 500, 500, 500, 500, 500, 500, 500, 500, 500, 500, 500, 500, 500, 500,
	500, 500, 500, 500, 500, 500, 500, 500, 500, 500, 500, 500, 500, 500, 500, 500, 500, 500,
	500, 500, 500, 500, 500, 500, 500, 500, 500, 500, 500, 500, 500, 500, 500, 500, 500, 500,
	500, 500, 500, 500, 500, 500, 500, 500, 500, 500, 500, 500, 500, 500, 500, 500, 500, 500,
	500, 500, 500, 500, 500, 500, 500, 500, 500, 500, 500, 500, 500, 500, 500, 500, 500, 500,
	500, 500, 500, 500, 500, 500, 500, 500, 500, 500, 500, 500, 500, 500, 500, 500, 500, 500,
	500, 500, 500, 500, 500, 500, 500, 500, 500, 500, 500, 500, 500, 500, 500, 500, 500, 500,
	500, 500, 500, 500, 500, 500, 500, 500, 500, 500, 500, 500, 500, 500, 500, 500, 500, 500,
	500, 500, 500, 500, 500, 500, 500, 500, 500, 500, 500, 500, 500, 500, 500, 500, 500, 500,
	500, 500, 500, 500, 500, 500, 500, 500, 500, 500, 500, 500, 500, 500, 500, 500, 500, 500,
	500, 500, 500, 500, 500, 500, 500, 500, 500, 500, 500, 500, 500, 500, 500, 500, 500, 500,
}
U0_M1_Upper = {
	2000, 2000, 2000, 2000, 2000, 2000, 2000, 2000, 2000, 2000, 2000, 2000, 2000, 2000, 2000, 2000, 2000, 2000,
	2000, 2000, 2000, 2000, 2000, 2000, 2000, 2000, 2000, 2000, 2000, 2000, 2000, 2000, 2000, 2000, 2000, 2000,
	2000, 2000, 2000, 2000, 2000, 2000, 2000, 2000, 2000, 2000, 2000, 2000, 2000, 2000, 2000, 2000, 2000, 2000,
	2000, 2000, 2000, 2000, 2000, 2000, 2000, 2000, 2000, 2000, 2000, 2000, 2000, 2000, 2000, 2000, 2000, 2000,
	2000, 2000, 2000, 2000, 2000, 2000, 2000, 2000, 2000, 2000, 2000, 2000, 2000, 2000, 2000, 2000, 2000, 2000,
	2000, 2000, 2000, 2000, 2000, 2000, 2000, 2000, 2000, 2000, 2000, 2000, 2000, 2000, 2000, 2000, 2000, 2000,
	2000, 2000, 2000, 2000, 2000, 2000, 2000, 2000, 2000, 2000, 2000, 2000, 2000, 2000, 2000, 2000, 2000, 2000,
	2000, 2000, 2000, 2000, 2000, 2000, 2000, 2000, 2000, 2000, 2000, 2000, 2000, 2000, 2000, 2000, 2000, 2000,
	2000, 2000, 2000, 2000, 2000, 2000, 2000, 2000, 2000, 2000, 2000, 2000, 2000, 2000, 2000, 2000, 2000, 2000,
	2000, 2000, 2000, 2000, 2000, 2000, 2000, 2000, 2000, 2000, 2000, 2000, 2000, 2000, 2000, 2000, 2000, 2000,
	2000, 2000, 2000, 2000, 2000, 2000, 2000, 2000, 2000, 2000, 2000, 2000, 2000, 2000, 2000, 2000, 2000, 2000,
	2000, 2000, 2000, 2000, 2000, 2000, 2000, 2000, 2000, 2000, 2000, 2000, 2000, 2000, 2000, 2000, 2000, 2000,
	2000, 2000, 2000, 2000, 2000, 2000, 2000, 2000, 2000, 2000, 2000, 2000, 2000, 2000, 2000, 2000, 2000, 2000,
	2000, 2000, 2000, 2000, 2000, 2000, 2000, 2000, 2000, 2000, 2000, 2000, 2000, 2000, 2000, 2000, 2000, 2000,
	2000, 2000, 2000, 2000, 2000, 2000, 2000, 2000, 2000, 2000, 2000, 2000, 2000, 2000, 2000, 2000, 2000, 2000,
	2000, 2000, 2000, 2000, 2000, 2000, 2000, 2000, 2000, 2000, 2000, 2000, 2000, 2000, 2000, 2000, 2000, 2000,
	2000, 2000, 2000, 2000, 2000, 2000, 2000, 2000, 2000, 2000, 2000, 2000, 2000, 2000, 2000, 2000, 2000, 2000,
	2000, 2000, 2000, 2000, 2000, 2000, 2000, 2000, 2000, 2000, 2000, 2000, 2000, 2000, 2000, 2000, 2000, 2000,
	2000, 2000, 2000, 2000, 2000, 2000, 2000, 2000, 2000, 2000, 2000, 2000, 2000, 2000, 2000, 2000, 2000, 2000,
	2000, 2000, 2000, 2000, 2000, 2000, 2000, 2000, 2000, 2000, 2000, 2000, 2000, 2000, 2000, 2000, 2000, 2000,
	2000, 2000, 2000, 2000, 2000, 2000, 2000, 2000, 2000, 2000, 2000, 2000, 2000, 2000, 2000, 2000, 2000, 2000,
	2000, 2000, 2000, 2000, 2000, 2000, 2000, 2000, 2000, 2000, 2000, 2000, 2000, 2000, 2000, 2000, 2000, 2000,
	2000, 2000, 2000, 2000, 2000, 2000, 2000, 2000, 2000, 2000, 2000, 2000, 2000, 2000, 2000, 2000, 2000, 2000,
	2000, 2000, 2000, 2000, 2000, 2000, 2000, 2000, 2000, 2000, 2000, 2000, 2000, 2000, 2000, 2000, 2000, 2000,
	2000, 2000, 2000, 2000, 2000, 2000, 2000, 2000, 2000, 2000, 2000, 2000, 2000, 2000, 2000, 2000, 2000, 2000,
	2000, 2000, 2000, 2000, 2000, 2000, 2000, 2000, 2000, 2000, 2000, 2000, 2000, 2000, 2000, 2000, 2000, 2000,
	2000, 2000, 2000, 2000, 2000, 2000, 2000, 2000, 2000, 2000, 2000, 2000, 2000, 2000, 2000, 2000, 2000, 2000,
	2000, 2000, 2000, 2000, 2000, 2000, 2000, 2000, 2000, 2000, 2000, 2000, 2000, 2000, 2000, 2000, 2000, 2000,
	2000, 2000, 2000, 2000, 2000, 2000, 2000, 2000, 2000, 2000, 2000, 2000, 2000, 2000, 2000, 2000, 2000, 2000,
	2000, 2000, 2000, 2000, 2000, 2000, 2000, 2000, 2000, 2000, 2000, 2000, 2000, 2000, 2000, 2000, 2000, 2000,
	2000, 2000, 2000, 2000, 2000, 2000, 2000, 2000, 2000, 2000, 2000, 2000, 2000, 2000, 2000, 2000, 2000, 2000,
	2000, 2000, 2000, 2000, 2000, 2000, 2000, 2000, 2000, 2000, 2000, 2000, 2000, 2000, 2000, 2000, 2000, 2000,
	2000, 2000, 2000, 2000, 2000, 2000, 2000, 2000, 2000, 2000, 2000, 2000, 2000, 2000, 2000, 2000, 2000, 2000,
	2000, 2000, 2000, 2000, 2000, 2000, 2000, 2000, 2000, 2000, 2000, 2000, 2000, 2000, 2000, 2000, 2000, 2000,
	2000, 2000, 2000, 2000, 2000, 2000, 2000, 2000, 2000, 2000, 2000, 2000, 2000, 2000, 2000, 2000, 2000, 2000,
	2000, 2000, 2000, 2000, 2000, 2000, 2000, 2000, 2000, 2000, 2000, 2000, 2000, 2000, 2000, 2000, 2000, 2000,
	2000, 2000, 2000, 2000, 2000, 2000, 2000, 2000, 2000, 2000, 2000, 2000, 2000, 2000, 2000, 2000, 2000, 2000,
	2000, 2000, 2000, 2000, 2000, 2000, 2000, 2000, 2000, 2000, 2000, 2000, 2000, 2000, 2000, 2000, 2000, 2000,
	2000, 2000, 2000, 2000, 2000, 2000, 2000, 2000, 2000, 2000, 2000, 2000, 2000, 2000, 2000, 2000, 2000, 2000,
	2000, 2000, 2000, 2000, 2000, 2000, 2000, 2000, 2000, 2000, 2000, 2000, 2000, 2000, 2000, 2000, 2000, 2000,
	2000, 2000, 2000, 2000, 2000, 2000, 2000, 2000, 2000, 2000, 2000, 2000, 2000, 2000, 2000, 2000, 2000, 2000,
}
U0_M1_JITTER_Lower = {
	0, 0, 0, 0, 0, 0, 0, 0, 0, 0, 0, 0, 0, 0, 0, 0, 0, 0,
	0, 0, 0, 0, 0, 0, 0, 0, 0, 0, 0, 0, 0, 0, 0, 0, 0, 0,
	0, 0, 0, 0, 0, 0, 0, 0, 0, 0, 0, 0, 0, 0, 0, 0, 0, 0,
	0, 0, 0, 0, 0, 0, 0, 0, 0, 0, 0, 0, 0, 0, 0, 0, 0, 0,
	0, 0, 0, 0, 0, 0, 0, 0, 0, 0, 0, 0, 0, 0, 0, 0, 0, 0,
	0, 0, 0, 0, 0, 0, 0, 0, 0, 0, 0, 0, 0, 0, 0, 0, 0, 0,
	0, 0, 0, 0, 0, 0, 0, 0, 0, 0, 0, 0, 0, 0, 0, 0, 0, 0,
	0, 0, 0, 0, 0, 0, 0, 0, 0, 0, 0, 0, 0, 0, 0, 0, 0, 0,
	0, 0, 0, 0, 0, 0, 0, 0, 0, 0, 0, 0, 0, 0, 0, 0, 0, 0,
	0, 0, 0, 0, 0, 0, 0, 0, 0, 0, 0, 0, 0, 0, 0, 0, 0, 0,
	0, 0, 0, 0, 0, 0, 0, 0, 0, 0, 0, 0, 0, 0, 0, 0, 0, 0,
	0, 0, 0, 0, 0, 0, 0, 0, 0, 0, 0, 0, 0, 0, 0, 0, 0, 0,
	0, 0, 0, 0, 0, 0, 0, 0, 0, 0, 0, 0, 0, 0, 0, 0, 0, 0,
	0, 0, 0, 0, 0, 0, 0, 0, 0, 0, 0, 0, 0, 0, 0, 0, 0, 0,
	0, 0, 0, 0, 0, 0, 0, 0, 0, 0, 0, 0, 0, 0, 0, 0, 0, 0,
	0, 0, 0, 0, 0, 0, 0, 0, 0, 0, 0, 0, 0, 0, 0, 0, 0, 0,
	0, 0, 0, 0, 0, 0, 0, 0, 0, 0, 0, 0, 0, 0, 0, 0, 0, 0,
	0, 0, 0, 0, 0, 0, 0, 0, 0, 0, 0, 0, 0, 0, 0, 0, 0, 0,
	0, 0, 0, 0, 0, 0, 0, 0, 0, 0, 0, 0, 0, 0, 0, 0, 0, 0,
	0, 0, 0, 0, 0, 0, 0, 0, 0, 0, 0, 0, 0, 0, 0, 0, 0, 0,
	0, 0, 0, 0, 0, 0, 0, 0, 0, 0, 0, 0, 0, 0, 0, 0, 0, 0,
	0, 0, 0, 0, 0, 0, 0, 0, 0, 0, 0, 0, 0, 0, 0, 0, 0, 0,
	0, 0, 0, 0, 0, 0, 0, 0, 0, 0, 0, 0, 0, 0, 0, 0, 0, 0,
	0, 0, 0, 0, 0, 0, 0, 0, 0, 0, 0, 0, 0, 0, 0, 0, 0, 0,
	0, 0, 0, 0, 0, 0, 0, 0, 0, 0, 0, 0, 0, 0, 0, 0, 0, 0,
	0, 0, 0, 0, 0, 0, 0, 0, 0, 0, 0, 0, 0, 0, 0, 0, 0, 0,
	0, 0, 0, 0, 0, 0, 0, 0, 0, 0, 0, 0, 0, 0, 0, 0, 0, 0,
	0, 0, 0, 0, 0, 0, 0, 0, 0, 0, 0, 0, 0, 0, 0, 0, 0, 0,
	0, 0, 0, 0, 0, 0, 0, 0, 0, 0, 0, 0, 0, 0, 0, 0, 0, 0,
	0, 0, 0, 0, 0, 0, 0, 0, 0, 0, 0, 0, 0, 0, 0, 0, 0, 0,
	0, 0, 0, 0, 0, 0, 0, 0, 0, 0, 0, 0, 0, 0, 0, 0, 0, 0,
	0, 0, 0, 0, 0, 0, 0, 0, 0, 0, 0, 0, 0, 0, 0, 0, 0, 0,
	0, 0, 0, 0, 0, 0, 0, 0, 0, 0, 0, 0, 0, 0, 0, 0, 0, 0,
	0, 0, 0, 0, 0, 0, 0, 0, 0, 0, 0, 0, 0, 0, 0, 0, 0, 0,
	0, 0, 0, 0, 0, 0, 0, 0, 0, 0, 0, 0, 0, 0, 0, 0, 0, 0,
	0, 0, 0, 0, 0, 0, 0, 0, 0, 0, 0, 0, 0, 0, 0, 0, 0, 0,
	0, 0, 0, 0, 0, 0, 0, 0, 0, 0, 0, 0, 0, 0, 0, 0, 0, 0,
	0, 0, 0, 0, 0, 0, 0, 0, 0, 0, 0, 0, 0, 0, 0, 0, 0, 0,
	0, 0, 0, 0, 0, 0, 0, 0, 0, 0, 0, 0, 0, 0, 0, 0, 0, 0,
	0, 0, 0, 0, 0, 0, 0, 0, 0, 0, 0, 0, 0, 0, 0, 0, 0, 0,
	0, 0, 0, 0, 0, 0, 0, 0, 0, 0, 0, 0, 0, 0, 0, 0, 0, 0,
}
U0_M1_JITTER_Upper = {
	60, 60, 60, 60, 60, 60, 60, 60, 60, 60, 60, 60, 60, 60, 60, 60, 60, 60,
	60, 60, 60, 60, 60, 60, 60, 60, 60, 60, 60, 60, 60, 60, 60, 60, 60, 60,
	60, 60, 60, 60, 60, 60, 60, 60, 60, 60, 60, 60, 60, 60, 60, 60, 60, 60,
	60, 60, 60, 60, 60, 60, 60, 60, 60, 60, 60, 60, 60, 60, 60, 60, 60, 60,
	60, 60, 60, 60, 60, 60, 60, 60, 60, 60, 60, 60, 60, 60, 60, 60, 60, 60,
	60, 60, 60, 60, 60, 60, 60, 60, 60, 60, 60, 60, 60, 60, 60, 60, 60, 60,
	60, 60, 60, 60, 60, 60, 60, 60, 60, 60, 60, 60, 60, 60, 60, 60, 60, 60,
	60, 60, 60, 60, 60, 60, 60, 60, 60, 60, 60, 60, 60, 60, 60, 60, 60, 60,
	60, 60, 60, 60, 60, 60, 60, 60, 60, 60, 60, 60, 60, 60, 60, 60, 60, 60,
	60, 60, 60, 60, 60, 60, 60, 60, 60, 60, 60, 60, 60, 60, 60, 60, 60, 60,
	60, 60, 60, 60, 60, 60, 60, 60, 60, 60, 60, 60, 60, 60, 60, 60, 60, 60,
	60, 60, 60, 60, 60, 60, 60, 60, 60, 60, 60, 60, 60, 60, 60, 60, 60, 60,
	60, 60, 60, 60, 60, 60, 60, 60, 60, 60, 60, 60, 60, 60, 60, 60, 60, 60,
	60, 60, 60, 60, 60, 60, 60, 60, 60, 60, 60, 60, 60, 60, 60, 60, 60, 60,
	60, 60, 60, 60, 60, 60, 60, 60, 60, 60, 60, 60, 60, 60, 60, 60, 60, 60,
	60, 60, 60, 60, 60, 60, 60, 60, 60, 60, 60, 60, 60, 60, 60, 60, 60, 60,
	60, 60, 60, 60, 60, 60, 60, 60, 60, 60, 60, 60, 60, 60, 60, 60, 60, 60,
	60, 60, 60, 60, 60, 60, 60, 60, 60, 60, 60, 60, 60, 60, 60, 60, 60, 60,
	60, 60, 60, 60, 60, 60, 60, 60, 60, 60, 60, 60, 60, 60, 60, 60, 60, 60,
	60, 60, 60, 60, 60, 60, 60, 60, 60, 60, 60, 60, 60, 60, 60, 60, 60, 60,
	60, 60, 60, 60, 60, 60, 60, 60, 60, 60, 60, 60, 60, 60, 60, 60, 60, 60,
	60, 60, 60, 60, 60, 60, 60, 60, 60, 60, 60, 60, 60, 60, 60, 60, 60, 60,
	60, 60, 60, 60, 60, 60, 60, 60, 60, 60, 60, 60, 60, 60, 60, 60, 60, 60,
	60, 60, 60, 60, 60, 60, 60, 60, 60, 60, 60, 60, 60, 60, 60, 60, 60, 60,
	60, 60, 60, 60, 60, 60, 60, 60, 60, 60, 60, 60, 60, 60, 60, 60, 60, 60,
	60, 60, 60, 60, 60, 60, 60, 60, 60, 60, 60, 60, 60, 60, 60, 60, 60, 60,
	60, 60, 60, 60, 60, 60, 60, 60, 60, 60, 60, 60, 60, 60, 60, 60, 60, 60,
	60, 60, 60, 60, 60, 60, 60, 60, 60, 60, 60, 60, 60, 60, 60, 60, 60, 60,
	60, 60, 60, 60, 60, 60, 60, 60, 60, 60, 60, 60, 60, 60, 60, 60, 60, 60,
	60, 60, 60, 60, 60, 60, 60, 60, 60, 60, 60, 60, 60, 60, 60, 60, 60, 60,
	60, 60, 60, 60, 60, 60, 60, 60, 60, 60, 60, 60, 60, 60, 60, 60, 60, 60,
	60, 60, 60, 60, 60, 60, 60, 60, 60, 60, 60, 60, 60, 60, 60, 60, 60, 60,
	60, 60, 60, 60, 60, 60, 60, 60, 60, 60, 60, 60, 60, 60, 60, 60, 60, 60,
	60, 60, 60, 60, 60, 60, 60, 60, 60, 60, 60, 60, 60, 60, 60, 60, 60, 60,
	60, 60, 60, 60, 60, 60, 60, 60, 60, 60, 60, 60, 60, 60, 60, 60, 60, 60,
	60, 60, 60, 60, 60, 60, 60, 60, 60, 60, 60, 60, 60, 60, 60, 60, 60, 60,
	60, 60, 60, 60, 60, 60, 60, 60, 60, 60, 60, 60, 60, 60, 60, 60, 60, 60,
	60, 60, 60, 60, 60, 60, 60, 60, 60, 60, 60, 60, 60, 60, 60, 60, 60, 60,
	60, 60, 60, 60, 60, 60, 60, 60, 60, 60, 60, 60, 60, 60, 60, 60, 60, 60,
	60, 60, 60, 60, 60, 60, 60, 60, 60, 60, 60, 60, 60, 60, 60, 60, 60, 60,
	60, 60, 60, 60, 60, 60, 60, 60, 60, 60, 60, 60, 60, 60, 60, 60, 60, 60,
}
U0_M2_Lower = {
	3800, 3800, 3800, 3800, 3800, 3800, 3800, 3800, 3800, 3800, 3800, 3800, 3800, 3800, 3800, 3800, 3800, 3800,
	3800, 3800, 3800, 3800, 3800, 3800, 3800, 3800, 3800, 3800, 3800, 3800, 3800, 3800, 3800, 3800, 3800, 3800,
	3800, 3800, 3800, 3800, 3800, 3800, 3800, 3800, 3800, 3800, 3800, 3800, 3800, 3800, 3800, 3800, 3800, 3800,
	3800, 3800, 3800, 3800, 3800, 3800, 3800, 3800, 3800, 3800, 3800, 3800, 3800, 3800, 3800, 3800, 3800, 3800,
	3800, 3800, 3800, 3800, 3800, 3800, 3800, 3800, 3800, 3800, 3800, 3800, 3800, 3800, 3800, 3800, 3800, 3800,
	3800, 3800, 3800, 3800, 3800, 3800, 3800, 3800, 3800, 3800, 3800, 3800, 3800, 3800, 3800, 3800, 3800, 3800,
	3800, 3800, 3800, 3800, 3800, 3800, 3800, 3800, 3800, 3800, 3800, 3800, 3800, 3800, 3800, 3800, 3800, 3800,
	3800, 3800, 3800, 3800, 3800, 3800, 3800, 3800, 3800, 3800, 3800, 3800, 3800, 3800, 3800, 3800, 3800, 3800,
	3800, 3800, 3800, 3800, 3800, 3800, 3800, 3800, 3800, 3800, 3800, 3800, 3800, 3800, 3800, 3800, 3800, 3800,
	3800, 3800, 3800, 3800, 3800, 3800, 3800, 3800, 3800, 3800, 3800, 3800, 3800, 3800, 3800, 3800, 3800, 3800,
	3800, 3800, 3800, 3800, 3800, 3800, 3800, 3800, 3800, 3800, 3800, 3800, 3800, 3800, 3800, 3800, 3800, 3800,
	3800, 3800, 3800, 3800, 3800, 3800, 3800, 3800, 3800, 3800, 3800, 3800, 3800, 3800, 3800, 3800, 3800, 3800,
	3800, 3800, 3800, 3800, 3800, 3800, 3800, 3800, 3800, 3800, 3800, 3800, 3800, 3800, 3800, 3800, 3800, 3800,
	3800, 3800, 3800, 3800, 3800, 3800, 3800, 3800, 3800, 3800, 3800, 3800, 3800, 3800, 3800, 3800, 3800, 3800,
	3800, 3800, 3800, 3800, 3800, 3800, 3800, 3800, 3800, 3800, 3800, 3800, 3800, 3800, 3800, 3800, 3800, 3800,
	3800, 3800, 3800, 3800, 3800, 3800, 3800, 3800, 3800, 3800, 3800, 3800, 3800, 3800, 3800, 3800, 3800, 3800,
	3800, 3800, 3800, 3800, 3800, 3800, 3800, 3800, 3800, 3800, 3800, 3800, 3800, 3800, 3800, 3800, 3800, 3800,
	3800, 3800, 3800, 3800, 3800, 3800, 3800, 3800, 3800, 3800, 3800, 3800, 3800, 3800, 3800, 3800, 3800, 3800,
	3800, 3800, 3800, 3800, 3800, 3800, 3800, 3800, 3800, 3800, 3800, 3800, 3800, 3800, 3800, 3800, 3800, 3800,
	3800, 3800, 3800, 3800, 3800, 3800, 3800, 3800, 3800, 3800, 3800, 3800, 3800, 3800, 3800, 3800, 3800, 3800,
	3800, 3800, 3800, 3800, 3800, 3800, 3800, 3800, 3800, 3800, 3800, 3800, 3800, 3800, 3800, 3800, 3800, 3800,
	3800, 3800, 3800, 3800, 3800, 3800, 3800, 3800, 3800, 3800, 3800, 3800, 3800, 3800, 3800, 3800, 3800, 3800,
	3800, 3800, 3800, 3800, 3800, 3800, 3800, 3800, 3800, 3800, 3800, 3800, 3800, 3800, 3800, 3800, 3800, 3800,
	3800, 3800, 3800, 3800, 3800, 3800, 3800, 3800, 3800, 3800, 3800, 3800, 3800, 3800, 3800, 3800, 3800, 3800,
	3800, 3800, 3800, 3800, 3800, 3800, 3800, 3800, 3800, 3800, 3800, 3800, 3800, 3800, 3800, 3800, 3800, 3800,
	3800, 3800, 3800, 3800, 3800, 3800, 3800, 3800, 3800, 3800, 3800, 3800, 3800, 3800, 3800, 3800, 3800, 3800,
	3800, 3800, 3800, 3800, 3800, 3800, 3800, 3800, 3800, 3800, 3800, 3800, 3800, 3800, 3800, 3800, 3800, 3800,
	3800, 3800, 3800, 3800, 3800, 3800, 3800, 3800, 3800, 3800, 3800, 3800, 3800, 3800, 3800, 3800, 3800, 3800,
	3800, 3800, 3800, 3800, 3800, 3800, 3800, 3800, 3800, 3800, 3800, 3800, 3800, 3800, 3800, 3800, 3800, 3800,
	3800, 3800, 3800, 3800, 3800, 3800, 3800, 3800, 3800, 3800, 3800, 3800, 3800, 3800, 3800, 3800, 3800, 3800,
	3800, 3800, 3800, 3800, 3800, 3800, 3800, 3800, 3800, 3800, 3800, 3800, 3800, 3800, 3800, 3800, 3800, 3800,
	3800, 3800, 3800, 3800, 3800, 3800, 3800, 3800, 3800, 3800, 3800, 3800, 3800, 3800, 3800, 3800, 3800, 3800,
	3800, 3800, 3800, 3800, 3800, 3800, 3800, 3800, 3800, 3800, 3800, 3800, 3800, 3800, 3800, 3800, 3800, 3800,
	3800, 3800, 3800, 3800, 3800, 3800, 3800, 3800, 3800, 3800, 3800, 3800, 3800, 3800, 3800, 3800, 3800, 3800,
	3800, 3800, 3800, 3800, 3800, 3800, 3800, 3800, 3800, 3800, 3800, 3800, 3800, 3800, 3800, 3800, 3800, 3800,
	3800, 3800, 3800, 3800, 3800, 3800, 3800, 3800, 3800, 3800, 3800, 3800, 3800, 3800, 3800, 3800, 3800, 3800,
	3800, 3800, 3800, 3800, 3800, 3800, 3800, 3800, 3800, 3800, 3800, 3800, 3800, 3800, 3800, 3800, 3800, 3800,
	3800, 3800, 3800, 3800, 3800, 3800, 3800, 3800, 3800, 3800, 3800, 3800, 3800, 3800, 3800, 3800, 3800, 3800,
	3800, 3800, 3800, 3800, 3800, 3800, 3800, 3800, 3800, 3800, 3800, 3800, 3800, 3800, 3800, 3800, 3800, 3800,
	3800, 3800, 3800, 3800, 3800, 3800, 3800, 3800, 3800, 3800, 3800, 3800, 3800, 3800, 3800, 3800, 3800, 3800,
	3800, 3800, 3800, 3800, 3800, 3800, 3800, 3800, 3800, 3800, 3800, 3800, 3800, 3800, 3800, 3800, 3800, 3800,
}
U0_M2_Upper = {
	6400, 6400, 6400, 6400, 6400, 6400, 6400, 6400, 6400, 6400, 6400, 6400, 6400, 6400, 6400, 6400, 6400, 6400,
	6400, 6400, 6400, 6400, 6400, 6400, 6400, 6400, 6400, 6400, 6400, 6400, 6400, 6400, 6400, 6400, 6400, 6400,
	6400, 6400, 6400, 6400, 6400, 6400, 6400, 6400, 6400, 6400, 6400, 6400, 6400, 6400, 6400, 6400, 6400, 6400,
	6400, 6400, 6400, 6400, 6400, 6400, 6400, 6400, 6400, 6400, 6400, 6400, 6400, 6400, 6400, 6400, 6400, 6400,
	6400, 6400, 6400, 6400, 6400, 6400, 6400, 6400, 6400, 6400, 6400, 6400, 6400, 6400, 6400, 6400, 6400, 6400,
	6400, 6400, 6400, 6400, 6400, 6400, 6400, 6400, 6400, 6400, 6400, 6400, 6400, 6400, 6400, 6400, 6400, 6400,
	6400, 6400, 6400, 6400, 6400, 6400, 6400, 6400, 6400, 6400, 6400, 6400, 6400, 6400, 6400, 6400, 6400, 6400,
	6400, 6400, 6400, 6400, 6400, 6400, 6400, 6400, 6400, 6400, 6400, 6400, 6400, 6400, 6400, 6400, 6400, 6400,
	6400, 6400, 6400, 6400, 6400, 6400, 6400, 6400, 6400, 6400, 6400, 6400, 6400, 6400, 6400, 6400, 6400, 6400,
	6400, 6400, 6400, 6400, 6400, 6400, 6400, 6400, 6400, 6400, 6400, 6400, 6400, 6400, 6400, 6400, 6400, 6400,
	6400, 6400, 6400, 6400, 6400, 6400, 6400, 6400, 6400, 6400, 6400, 6400, 6400, 6400, 6400, 6400, 6400, 6400,
	6400, 6400, 6400, 6400, 6400, 6400, 6400, 6400, 6400, 6400, 6400, 6400, 6400, 6400, 6400, 6400, 6400, 6400,
	6400, 6400, 6400, 6400, 6400, 6400, 6400, 6400, 6400, 6400, 6400, 6400, 6400, 6400, 6400, 6400, 6400, 6400,
	6400, 6400, 6400, 6400, 6400, 6400, 6400, 6400, 6400, 6400, 6400, 6400, 6400, 6400, 6400, 6400, 6400, 6400,
	6400, 6400, 6400, 6400, 6400, 6400, 6400, 6400, 6400, 6400, 6400, 6400, 6400, 6400, 6400, 6400, 6400, 6400,
	6400, 6400, 6400, 6400, 6400, 6400, 6400, 6400, 6400, 6400, 6400, 6400, 6400, 6400, 6400, 6400, 6400, 6400,
	6400, 6400, 6400, 6400, 6400, 6400, 6400, 6400, 6400, 6400, 6400, 6400, 6400, 6400, 6400, 6400, 6400, 6400,
	6400, 6400, 6400, 6400, 6400, 6400, 6400, 6400, 6400, 6400, 6400, 6400, 6400, 6400, 6400, 6400, 6400, 6400,
	6400, 6400, 6400, 6400, 6400, 6400, 6400, 6400, 6400, 6400, 6400, 6400, 6400, 6400, 6400, 6400, 6400, 6400,
	6400, 6400, 6400, 6400, 6400, 6400, 6400, 6400, 6400, 6400, 6400, 6400, 6400, 6400, 6400, 6400, 6400, 6400,
	6400, 6400, 6400, 6400, 6400, 6400, 6400, 6400, 6400, 6400, 6400, 6400, 6400, 6400, 6400, 6400, 6400, 6400,
	6400, 6400, 6400, 6400, 6400, 6400, 6400, 6400, 6400, 6400, 6400, 6400, 6400, 6400, 6400, 6400, 6400, 6400,
	6400, 6400, 6400, 6400, 6400, 6400, 6400, 6400, 6400, 6400, 6400, 6400, 6400, 6400, 6400, 6400, 6400, 6400,
	6400, 6400, 6400, 6400, 6400, 6400, 6400, 6400, 6400, 6400, 6400, 6400, 6400, 6400, 6400, 6400, 6400, 6400,
	6400, 6400, 6400, 6400, 6400, 6400, 6400, 6400, 6400, 6400, 6400, 6400, 6400, 6400, 6400, 6400, 6400, 6400,
	6400, 6400, 6400, 6400, 6400, 6400, 6400, 6400, 6400, 6400, 6400, 6400, 6400, 6400, 6400, 6400, 6400, 6400,
	6400, 6400, 6400, 6400, 6400, 6400, 6400, 6400, 6400, 6400, 6400, 6400, 6400, 6400, 6400, 6400, 6400, 6400,
	6400, 6400, 6400, 6400, 6400, 6400, 6400, 6400, 6400, 6400, 6400, 6400, 6400, 6400, 6400, 6400, 6400, 6400,
	6400, 6400, 6400, 6400, 6400, 6400, 6400, 6400, 6400, 6400, 6400, 6400, 6400, 6400, 6400, 6400, 6400, 6400,
	6400, 6400, 6400, 6400, 6400, 6400, 6400, 6400, 6400, 6400, 6400, 6400, 6400, 6400, 6400, 6400, 6400, 6400,
	6400, 6400, 6400, 6400, 6400, 6400, 6400, 6400, 6400, 6400, 6400, 6400, 6400, 6400, 6400, 6400, 6400, 6400,
	6400, 6400, 6400, 6400, 6400, 6400, 6400, 6400, 6400, 6400, 6400, 6400, 6400, 6400, 6400, 6400, 6400, 6400,
	6400, 6400, 6400, 6400, 6400, 6400, 6400, 6400, 6400, 6400, 6400, 6400, 6400, 6400, 6400, 6400, 6400, 6400,
	6400, 6400, 6400, 6400, 6400, 6400, 6400, 6400, 6400, 6400, 6400, 6400, 6400, 6400, 6400, 6400, 6400, 6400,
	6400, 6400, 6400, 6400, 6400, 6400, 6400, 6400, 6400, 6400, 6400, 6400, 6400, 6400, 6400, 6400, 6400, 6400,
	6400, 6400, 6400, 6400, 6400, 6400, 6400, 6400, 6400, 6400, 6400, 6400, 6400, 6400, 6400, 6400, 6400, 6400,
	6400, 6400, 6400, 6400, 6400, 6400, 6400, 6400, 6400, 6400, 6400, 6400, 6400, 6400, 6400, 6400, 6400, 6400,
	6400, 6400, 6400, 6400, 6400, 6400, 6400, 6400, 6400, 6400, 6400, 6400, 6400, 6400, 6400, 6400, 6400, 6400,
	6400, 6400, 6400, 6400, 6400, 6400, 6400, 6400, 6400, 6400, 6400, 6400, 6400, 6400, 6400, 6400, 6400, 6400,
	6400, 6400, 6400, 6400, 6400, 6400, 6400, 6400, 6400, 6400, 6400, 6400, 6400, 6400, 6400, 6400, 6400, 6400,
	6400, 6400, 6400, 6400, 6400, 6400, 6400, 6400, 6400, 6400, 6400, 6400, 6400, 6400, 6400, 6400, 6400, 6400,
}
U0_M2_JITTER_Lower = {
	0, 0, 0, 0, 0, 0, 0, 0, 0, 0, 0, 0, 0, 0, 0, 0, 0, 0,
	0, 0, 0, 0, 0, 0, 0, 0, 0, 0, 0, 0, 0, 0, 0, 0, 0, 0,
	0, 0, 0, 0, 0, 0, 0, 0, 0, 0, 0, 0, 0, 0, 0, 0, 0, 0,
	0, 0, 0, 0, 0, 0, 0, 0, 0, 0, 0, 0, 0, 0, 0, 0, 0, 0,
	0, 0, 0, 0, 0, 0, 0, 0, 0, 0, 0, 0, 0, 0, 0, 0, 0, 0,
	0, 0, 0, 0, 0, 0, 0, 0, 0, 0, 0, 0, 0, 0, 0, 0, 0, 0,
	0, 0, 0, 0, 0, 0, 0, 0, 0, 0, 0, 0, 0, 0, 0, 0, 0, 0,
	0, 0, 0, 0, 0, 0, 0, 0, 0, 0, 0, 0, 0, 0, 0, 0, 0, 0,
	0, 0, 0, 0, 0, 0, 0, 0, 0, 0, 0, 0, 0, 0, 0, 0, 0, 0,
	0, 0, 0, 0, 0, 0, 0, 0, 0, 0, 0, 0, 0, 0, 0, 0, 0, 0,
	0, 0, 0, 0, 0, 0, 0, 0, 0, 0, 0, 0, 0, 0, 0, 0, 0, 0,
	0, 0, 0, 0, 0, 0, 0, 0, 0, 0, 0, 0, 0, 0, 0, 0, 0, 0,
	0, 0, 0, 0, 0, 0, 0, 0, 0, 0, 0, 0, 0, 0, 0, 0, 0, 0,
	0, 0, 0, 0, 0, 0, 0, 0, 0, 0, 0, 0, 0, 0, 0, 0, 0, 0,
	0, 0, 0, 0, 0, 0, 0, 0, 0, 0, 0, 0, 0, 0, 0, 0, 0, 0,
	0, 0, 0, 0, 0, 0, 0, 0, 0, 0, 0, 0, 0, 0, 0, 0, 0, 0,
	0, 0, 0, 0, 0, 0, 0, 0, 0, 0, 0, 0, 0, 0, 0, 0, 0, 0,
	0, 0, 0, 0, 0, 0, 0, 0, 0, 0, 0, 0, 0, 0, 0, 0, 0, 0,
	0, 0, 0, 0, 0, 0, 0, 0, 0, 0, 0, 0, 0, 0, 0, 0, 0, 0,
	0, 0, 0, 0, 0, 0, 0, 0, 0, 0, 0, 0, 0, 0, 0, 0, 0, 0,
	0, 0, 0, 0, 0, 0, 0, 0, 0, 0, 0, 0, 0, 0, 0, 0, 0, 0,
	0, 0, 0, 0, 0, 0, 0, 0, 0, 0, 0, 0, 0, 0, 0, 0, 0, 0,
	0, 0, 0, 0, 0, 0, 0, 0, 0, 0, 0, 0, 0, 0, 0, 0, 0, 0,
	0, 0, 0, 0, 0, 0, 0, 0, 0, 0, 0, 0, 0, 0, 0, 0, 0, 0,
	0, 0, 0, 0, 0, 0, 0, 0, 0, 0, 0, 0, 0, 0, 0, 0, 0, 0,
	0, 0, 0, 0, 0, 0, 0, 0, 0, 0, 0, 0, 0, 0, 0, 0, 0, 0,
	0, 0, 0, 0, 0, 0, 0, 0, 0, 0, 0, 0, 0, 0, 0, 0, 0, 0,
	0, 0, 0, 0, 0, 0, 0, 0, 0, 0, 0, 0, 0, 0, 0, 0, 0, 0,
	0, 0, 0, 0, 0, 0, 0, 0, 0, 0, 0, 0, 0, 0, 0, 0, 0, 0,
	0, 0, 0, 0, 0, 0, 0, 0, 0, 0, 0, 0, 0, 0, 0, 0, 0, 0,
	0, 0, 0, 0, 0, 0, 0, 0, 0, 0, 0, 0, 0, 0, 0, 0, 0, 0,
	0, 0, 0, 0, 0, 0, 0, 0, 0, 0, 0, 0, 0, 0, 0, 0, 0, 0,
	0, 0, 0, 0, 0, 0, 0, 0, 0, 0, 0, 0, 0, 0, 0, 0, 0, 0,
	0, 0, 0, 0, 0, 0, 0, 0, 0, 0, 0, 0, 0, 0, 0, 0, 0, 0,
	0, 0, 0, 0, 0, 0, 0, 0, 0, 0, 0, 0, 0, 0, 0, 0, 0, 0,
	0, 0, 0, 0, 0, 0, 0, 0, 0, 0, 0, 0, 0, 0, 0, 0, 0, 0,
	0, 0, 0, 0, 0, 0, 0, 0, 0, 0, 0, 0, 0, 0, 0, 0, 0, 0,
	0, 0, 0, 0, 0, 0, 0, 0, 0, 0, 0, 0, 0, 0, 0, 0, 0, 0,
	0, 0, 0, 0, 0, 0, 0, 0, 0, 0, 0, 0, 0, 0, 0, 0, 0, 0,
	0, 0, 0, 0, 0, 0, 0, 0, 0, 0, 0, 0, 0, 0, 0, 0, 0, 0,
	0, 0, 0, 0, 0, 0, 0, 0, 0, 0, 0, 0, 0, 0, 0, 0, 0, 0,
}
U0_M2_JITTER_Upper = {
	60, 60, 60, 60, 60, 60, 60, 60, 60, 60, 60, 60, 60, 60, 60, 60, 60, 60,
	60, 60, 60, 60, 60, 60, 60, 60, 60, 60, 60, 60, 60, 60, 60, 60, 60, 60,
	60, 60, 60, 60, 60, 60, 60, 60, 60, 60, 60, 60, 60, 60, 60, 60, 60, 60,
	60, 60, 60, 60, 60, 60, 60, 60, 60, 60, 60, 60, 60, 60, 60, 60, 60, 60,
	60, 60, 60, 60, 60, 60, 60, 60, 60, 60, 60, 60, 60, 60, 60, 60, 60, 60,
	60, 60, 60, 60, 60, 60, 60, 60, 60, 60, 60, 60, 60, 60, 60, 60, 60, 60,
	60, 60, 60, 60, 60, 60, 60, 60, 60, 60, 60, 60, 60, 60, 60, 60, 60, 60,
	60, 60, 60, 60, 60, 60, 60, 60, 60, 60, 60, 60, 60, 60, 60, 60, 60, 60,
	60, 60, 60, 60, 60, 60, 60, 60, 60, 60, 60, 60, 60, 60, 60, 60, 60, 60,
	60, 60, 60, 60, 60, 60, 60, 60, 60, 60, 60, 60, 60, 60, 60, 60, 60, 60,
	60, 60, 60, 60, 60, 60, 60, 60, 60, 60, 60, 60, 60, 60, 60, 60, 60, 60,
	60, 60, 60, 60, 60, 60, 60, 60, 60, 60, 60, 60, 60, 60, 60, 60, 60, 60,
	60, 60, 60, 60, 60, 60, 60, 60, 60, 60, 60, 60, 60, 60, 60, 60, 60, 60,
	60, 60, 60, 60, 60, 60, 60, 60, 60, 60, 60, 60, 60, 60, 60, 60, 60, 60,
	60, 60, 60, 60, 60, 60, 60, 60, 60, 60, 60, 60, 60, 60, 60, 60, 60, 60,
	60, 60, 60, 60, 60, 60, 60, 60, 60, 60, 60, 60, 60, 60, 60, 60, 60, 60,
	60, 60, 60, 60, 60, 60, 60, 60, 60, 60, 60, 60, 60, 60, 60, 60, 60, 60,
	60, 60, 60, 60, 60, 60, 60, 60, 60, 60, 60, 60, 60, 60, 60, 60, 60, 60,
	60, 60, 60, 60, 60, 60, 60, 60, 60, 60, 60, 60, 60, 60, 60, 60, 60, 60,
	60, 60, 60, 60, 60, 60, 60, 60, 60, 60, 60, 60, 60, 60, 60, 60, 60, 60,
	60, 60, 60, 60, 60, 60, 60, 60, 60, 60, 60, 60, 60, 60, 60, 60, 60, 60,
	60, 60, 60, 60, 60, 60, 60, 60, 60, 60, 60, 60, 60, 60, 60, 60, 60, 60,
	60, 60, 60, 60, 60, 60, 60, 60, 60, 60, 60, 60, 60, 60, 60, 60, 60, 60,
	60, 60, 60, 60, 60, 60, 60, 60, 60, 60, 60, 60, 60, 60, 60, 60, 60, 60,
	60, 60, 60, 60, 60, 60, 60, 60, 60, 60, 60, 60, 60, 60, 60, 60, 60, 60,
	60, 60, 60, 60, 60, 60, 60, 60, 60, 60, 60, 60, 60, 60, 60, 60, 60, 60,
	60, 60, 60, 60, 60, 60, 60, 60, 60, 60, 60, 60, 60, 60, 60, 60, 60, 60,
	60, 60, 60, 60, 60, 60, 60, 60, 60, 60, 60, 60, 60, 60, 60, 60, 60, 60,
	60, 60, 60, 60, 60, 60, 60, 60, 60, 60, 60, 60, 60, 60, 60, 60, 60, 60,
	60, 60, 60, 60, 60, 60, 60, 60, 60, 60, 60, 60, 60, 60, 60, 60, 60, 60,
	60, 60, 60, 60, 60, 60, 60, 60, 60, 60, 60, 60, 60, 60, 60, 60, 60, 60,
	60, 60, 60, 60, 60, 60, 60, 60, 60, 60, 60, 60, 60, 60, 60, 60, 60, 60,
	60, 60, 60, 60, 60, 60, 60, 60, 60, 60, 60, 60, 60, 60, 60, 60, 60, 60,
	60, 60, 60, 60, 60, 60, 60, 60, 60, 60, 60, 60, 60, 60, 60, 60, 60, 60,
	60, 60, 60, 60, 60, 60, 60, 60, 60, 60, 60, 60, 60, 60, 60, 60, 60, 60,
	60, 60, 60, 60, 60, 60, 60, 60, 60, 60, 60, 60, 60, 60, 60, 60, 60, 60,
	60, 60, 60, 60, 60, 60, 60, 60, 60, 60, 60, 60, 60, 60, 60, 60, 60, 60,
	60, 60, 60, 60, 60, 60, 60, 60, 60, 60, 60, 60, 60, 60, 60, 60, 60, 60,
	60, 60, 60, 60, 60, 60, 60, 60, 60, 60, 60, 60, 60, 60, 60, 60, 60, 60,
	60, 60, 60, 60, 60, 60, 60, 60, 60, 60, 60, 60, 60, 60, 60, 60, 60, 60,
	60, 60, 60, 60, 60, 60, 60, 60, 60, 60, 60, 60, 60, 60, 60, 60, 60, 60,
}
