OPEN_Lower = {
	1750, 1750, 1750, 1750, 1750, 1750, 1750, 1750, 1750, 1750, 1750, 1750, 1750, 1750, 1750, 1750, 1750, 1750,
	1750, 1750, 1750, 1750, 1750, 1750, 1750, 1750, 1750, 1750, 1750, 1750, 1750, 1750, 1750, 1750, 1750, 1750,
	1750, 1750, 1750, 1750, 1750, 1750, 1750, 1750, 1750, 1750, 1750, 1750, 1750, 1750, 1750, 1750, 1750, 1750,
	1750, 1750, 1750, 1750, 1750, 1750, 1750, 1750, 1750, 1750, 1750, 1750, 1750, 1750, 1750, 1750, 1750, 1750,
	1750, 1750, 1750, 1750, 1750, 1750, 1750, 1750, 1750, 1750, 1750, 1750, 1750, 1750, 1750, 1750, 1750, 1750,
	1750, 1750, 1750, 1750, 1750, 1750, 1750, 1750, 1750, 1750, 1750, 1750, 1750, 1750, 1750, 1750, 1750, 1750,
	1750, 1750, 1750, 1750, 1750, 1750, 1750, 1750, 1750, 1750, 1750, 1750, 1750, 1750, 1750, 1750, 1750, 1750,
	1750, 1750, 1750, 1750, 1750, 1750, 1750, 1750, 1750, 1750, 1750, 1750, 1750, 1750, 1750, 1750, 1750, 1750,
	1750, 1750, 1750, 1750, 1750, 1750, 1750, 1750, 1750, 1750, 1750, 1750, 1750, 1750, 1750, 1750, 1750, 1750,
	1750, 1750, 1750, 1750, 1750, 1750, 1750, 1750, 1750, 1750, 1750, 1750, 1750, 1750, 1750, 1750, 1750, 1750,
	1750, 1750, 1750, 1750, 1750, 1750, 1750, 1750, 1750, 1750, 1750, 1750, 1750, 1750, 1750, 1750, 1750, 1750,
	1750, 1750, 1750, 1750, 1750, 1750, 1750, 1750, 1750, 1750, 1750, 1750, 1750, 1750, 1750, 1750, 1750, 1750,
	1750, 1750, 1750, 1750, 1750, 1750, 1750, 1750, 1750, 1750, 1750, 1750, 1750, 1750, 1750, 1750, 1750, 1750,
	1750, 1750, 1750, 1750, 1750, 1750, 1750, 1750, 1750, 1750, 1750, 1750, 1750, 1750, 1750, 1750, 1750, 1750,
	1750, 1750, 1750, 1750, 1750, 1750, 1750, 1750, 1750, 1750, 1750, 1750, 1750, 1750, 1750, 1750, 1750, 1750,
	1750, 1750, 1750, 1750, 1750, 1750, 1750, 1750, 1750, 1750, 1750, 1750, 1750, 1750, 1750, 1750, 1750, 1750,
	1750, 1750, 1750, 1750, 1750, 1750, 1750, 1750, 1750, 1750, 1750, 1750, 1750, 1750, 1750, 1750, 1750, 1750,
	1750, 1750, 1750, 1750, 1750, 1750, 1750, 1750, 1750, 1750, 1750, 1750, 1750, 1750, 1750, 1750, 1750, 1750,
	1750, 1750, 1750, 1750, 1750, 1750, 1750, 1750, 1750, 1750, 1750, 1750, 1750, 1750, 1750, 1750, 1750, 1750,
	1750, 1750, 1750, 1750, 1750, 1750, 1750, 1750, 1750, 1750, 1750, 1750, 1750, 1750, 1750, 1750, 1750, 1750,
	1750, 1750, 1750, 1750, 1750, 1750, 1750, 1750, 1750, 1750, 1750, 1750, 1750, 1750, 1750, 1750, 1750, 1750,
	1750, 1750, 1750, 1750, 1750, 1750, 1750, 1750, 1750, 1750, 1750, 1750, 1750, 1750, 1750, 1750, 1750, 1750,
	1750, 1750, 1750, 1750, 1750, 1750, 1750, 1750, 1750, 1750, 1750, 1750, 1750, 1750, 1750, 1750, 1750, 1750,
	1750, 1750, 1750, 1750, 1750, 1750, 1750, 1750, 1750, 1750, 1750, 1750, 1750, 1750, 1750, 1750, 1750, 1750,
	1750, 1750, 1750, 1750, 1750, 1750, 1750, 1750, 1750, 1750, 1750, 1750, 1750, 1750, 1750, 1750, 1750, 1750,
	1750, 1750, 1750, 1750, 1750, 1750, 1750, 1750, 1750, 1750, 1750, 1750, 1750, 1750, 1750, 1750, 1750, 1750,
	1750, 1750, 1750, 1750, 1750, 1750, 1750, 1750, 1750, 1750, 1750, 1750, 1750, 1750, 1750, 1750, 1750, 1750,
	1750, 1750, 1750, 1750, 1750, 1750, 1750, 1750, 1750, 1750, 1750, 1750, 1750, 1750, 1750, 1750, 1750, 1750,
	1750, 1750, 1750, 1750, 1750, 1750, 1750, 1750, 1750, 1750, 1750, 1750, 1750, 1750, 1750, 1750, 1750, 1750,
	1750, 1750, 1750, 1750, 1750, 1750, 1750, 1750, 1750, 1750, 1750, 1750, 1750, 1750, 1750, 1750, 1750, 1750,
	1750, 1750, 1750, 1750, 1750, 1750, 1750, 1750, 1750, 1750, 1750, 1750, 1750, 1750, 1750, 1750, 1750, 1750,
	1750, 1750, 1750, 1750, 1750, 1750, 1750, 1750, 1750, 1750, 1750, 1750, 1750, 1750, 1750, 1750, 1750, 1750,
	1750, 1750, 1750, 1750, 1750, 1750, 1750, 1750, 1750, 1750, 1750, 1750, 1750, 1750, 1750, 1750, 1750, 1750,
	1750, 1750, 1750, 1750, 1750, 1750, 1750, 1750, 1750, 1750, 1750, 1750, 1750, 1750, 1750, 1750, 1750, 1750,
	1750, 1750, 1750, 1750, 1750, 1750, 1750, 1750, 1750, 1750, 1750, 1750, 1750, 1750, 1750, 1750, 1750, 1750,
	1750, 1750, 1750, 1750, 1750, 1750, 1750, 1750, 1750, 1750, 1750, 1750, 1750, 1750, 1750, 1750, 1750, 1750,
	1750, 1750, 1750, 1750, 1750, 1750, 1750, 1750, 1750, 1750, 1750, 1750, 1750, 1750, 1750, 1750, 1750, 1750,
	1750, 1750, 1750, 1750, 1750, 1750, 1750, 1750, 1750, 1750, 1750, 1750, 1750, 1750, 1750, 1750, 1750, 1750,
	1750, 1750, 1750, 1750, 1750, 1750, 1750, 1750, 1750, 1750, 1750, 1750, 1750, 1750, 1750, 1750, 1750, 1750,
	1750, 1750, 1750, 1750, 1750, 1750, 1750, 1750, 1750, 1750, 1750, 1750, 1750, 1750, 1750, 1750, 1750, 1750,
	1750, 1750, 1750, 1750, 1750, 1750, 1750, 1750, 1750, 1750, 1750, 1750, 1750, 1750, 1750, 1750, 1750, 1750,
	1750, 1750, 1750, 1750, 1750, 1750, 1750, 1750, 1750, 1750, 1750, 1750, 1750, 1750, 1750, 1750, 1750, 1750,
	1750, 1750, 1750, 1750, 1750, 1750, 1750, 1750, 1750, 1750, 1750, 1750, 1750, 1750, 1750, 1750, 1750, 1750,
}
OPEN_Upper = {
	8192, 8192, 8192, 8192, 8192, 8192, 8192, 8192, 8192, 8192, 8192, 8192, 8192, 8192, 8192, 8192, 8192, 8192,
	8192, 8192, 8192, 8192, 8192, 8192, 8192, 8192, 8192, 8192, 8192, 8192, 8192, 8192, 8192, 8192, 8192, 8192,
	8192, 8192, 8192, 8192, 8192, 8192, 8192, 8192, 8192, 8192, 8192, 8192, 8192, 8192, 8192, 8192, 8192, 8192,
	8192, 8192, 8192, 8192, 8192, 8192, 8192, 8192, 8192, 8192, 8192, 8192, 8192, 8192, 8192, 8192, 8192, 8192,
	8192, 8192, 8192, 8192, 8192, 8192, 8192, 8192, 8192, 8192, 8192, 8192, 8192, 8192, 8192, 8192, 8192, 8192,
	8192, 8192, 8192, 8192, 8192, 8192, 8192, 8192, 8192, 8192, 8192, 8192, 8192, 8192, 8192, 8192, 8192, 8192,
	8192, 8192, 8192, 8192, 8192, 8192, 8192, 8192, 8192, 8192, 8192, 8192, 8192, 8192, 8192, 8192, 8192, 8192,
	8192, 8192, 8192, 8192, 8192, 8192, 8192, 8192, 8192, 8192, 8192, 8192, 8192, 8192, 8192, 8192, 8192, 8192,
	8192, 8192, 8192, 8192, 8192, 8192, 8192, 8192, 8192, 8192, 8192, 8192, 8192, 8192, 8192, 8192, 8192, 8192,
	8192, 8192, 8192, 8192, 8192, 8192, 8192, 8192, 8192, 8192, 8192, 8192, 8192, 8192, 8192, 8192, 8192, 8192,
	8192, 8192, 8192, 8192, 8192, 8192, 8192, 8192, 8192, 8192, 8192, 8192, 8192, 8192, 8192, 8192, 8192, 8192,
	8192, 8192, 8192, 8192, 8192, 8192, 8192, 8192, 8192, 8192, 8192, 8192, 8192, 8192, 8192, 8192, 8192, 8192,
	8192, 8192, 8192, 8192, 8192, 8192, 8192, 8192, 8192, 8192, 8192, 8192, 8192, 8192, 8192, 8192, 8192, 8192,
	8192, 8192, 8192, 8192, 8192, 8192, 8192, 8192, 8192, 8192, 8192, 8192, 8192, 8192, 8192, 8192, 8192, 8192,
	8192, 8192, 8192, 8192, 8192, 8192, 8192, 8192, 8192, 8192, 8192, 8192, 8192, 8192, 8192, 8192, 8192, 8192,
	8192, 8192, 8192, 8192, 8192, 8192, 8192, 8192, 8192, 8192, 8192, 8192, 8192, 8192, 8192, 8192, 8192, 8192,
	8192, 8192, 8192, 8192, 8192, 8192, 8192, 8192, 8192, 8192, 8192, 8192, 8192, 8192, 8192, 8192, 8192, 8192,
	8192, 8192, 8192, 8192, 8192, 8192, 8192, 8192, 8192, 8192, 8192, 8192, 8192, 8192, 8192, 8192, 8192, 8192,
	8192, 8192, 8192, 8192, 8192, 8192, 8192, 8192, 8192, 8192, 8192, 8192, 8192, 8192, 8192, 8192, 8192, 8192,
	8192, 8192, 8192, 8192, 8192, 8192, 8192, 8192, 8192, 8192, 8192, 8192, 8192, 8192, 8192, 8192, 8192, 8192,
	8192, 8192, 8192, 8192, 8192, 8192, 8192, 8192, 8192, 8192, 8192, 8192, 8192, 8192, 8192, 8192, 8192, 8192,
	8192, 8192, 8192, 8192, 8192, 8192, 8192, 8192, 8192, 8192, 8192, 8192, 8192, 8192, 8192, 8192, 8192, 8192,
	8192, 8192, 8192, 8192, 8192, 8192, 8192, 8192, 8192, 8192, 8192, 8192, 8192, 8192, 8192, 8192, 8192, 8192,
	8192, 8192, 8192, 8192, 8192, 8192, 8192, 8192, 8192, 8192, 8192, 8192, 8192, 8192, 8192, 8192, 8192, 8192,
	8192, 8192, 8192, 8192, 8192, 8192, 8192, 8192, 8192, 8192, 8192, 8192, 8192, 8192, 8192, 8192, 8192, 8192,
	8192, 8192, 8192, 8192, 8192, 8192, 8192, 8192, 8192, 8192, 8192, 8192, 8192, 8192, 8192, 8192, 8192, 8192,
	8192, 8192, 8192, 8192, 8192, 8192, 8192, 8192, 8192, 8192, 8192, 8192, 8192, 8192, 8192, 8192, 8192, 8192,
	8192, 8192, 8192, 8192, 8192, 8192, 8192, 8192, 8192, 8192, 8192, 8192, 8192, 8192, 8192, 8192, 8192, 8192,
	8192, 8192, 8192, 8192, 8192, 8192, 8192, 8192, 8192, 8192, 8192, 8192, 8192, 8192, 8192, 8192, 8192, 8192,
	8192, 8192, 8192, 8192, 8192, 8192, 8192, 8192, 8192, 8192, 8192, 8192, 8192, 8192, 8192, 8192, 8192, 8192,
	8192, 8192, 8192, 8192, 8192, 8192, 8192, 8192, 8192, 8192, 8192, 8192, 8192, 8192, 8192, 8192, 8192, 8192,
	8192, 8192, 8192, 8192, 8192, 8192, 8192, 8192, 8192, 8192, 8192, 8192, 8192, 8192, 8192, 8192, 8192, 8192,
	8192, 8192, 8192, 8192, 8192, 8192, 8192, 8192, 8192, 8192, 8192, 8192, 8192, 8192, 8192, 8192, 8192, 8192,
	8192, 8192, 8192, 8192, 8192, 8192, 8192, 8192, 8192, 8192, 8192, 8192, 8192, 8192, 8192, 8192, 8192, 8192,
	8192, 8192, 8192, 8192, 8192, 8192, 8192, 8192, 8192, 8192, 8192, 8192, 8192, 8192, 8192, 8192, 8192, 8192,
	8192, 8192, 8192, 8192, 8192, 8192, 8192, 8192, 8192, 8192, 8192, 8192, 8192, 8192, 8192, 8192, 8192, 8192,
	8192, 8192, 8192, 8192, 8192, 8192, 8192, 8192, 8192, 8192, 8192, 8192, 8192, 8192, 8192, 8192, 8192, 8192,
	8192, 8192, 8192, 8192, 8192, 8192, 8192, 8192, 8192, 8192, 8192, 8192, 8192, 8192, 8192, 8192, 8192, 8192,
	8192, 8192, 8192, 8192, 8192, 8192, 8192, 8192, 8192, 8192, 8192, 8192, 8192, 8192, 8192, 8192, 8192, 8192,
	8192, 8192, 8192, 8192, 8192, 8192, 8192, 8192, 8192, 8192, 8192, 8192, 8192, 8192, 8192, 8192, 8192, 8192,
	8192, 8192, 8192, 8192, 8192, 8192, 8192, 8192, 8192, 8192, 8192, 8192, 8192, 8192, 8192, 8192, 8192, 8192,
	8192, 8192, 8192, 8192, 8192, 8192, 8192, 8192, 8192, 8192, 8192, 8192, 8192, 8192, 8192, 8192, 8192, 8192,
	8192, 8192, 8192, 8192, 8192, 8192, 8192, 8192, 8192, 8192, 8192, 8192, 8192, 8192, 8192, 8192, 8192, 8192,
}
SHORT_M2_Lower = {
	1000, 1000, 1000, 1000, 1000, 1000, 1000, 1000, 1000, 1000, 1000, 1000, 1000, 1000, 1000, 1000, 1000, 1000,
	1000, 1000, 1000, 1000, 1000, 1000, 1000, 1000, 1000, 1000, 1000, 1000, 1000, 1000, 1000, 1000, 1000, 1000,
	1000, 1000, 1000, 1000, 1000, 1000, 1000, 1000, 1000, 1000, 1000, 1000, 1000, 1000, 1000, 1000, 1000, 1000,
	1000, 1000, 1000, 1000, 1000, 1000, 1000, 1000, 1000, 1000, 1000, 1000, 1000, 1000, 1000, 1000, 1000, 1000,
	1000, 1000, 1000, 1000, 1000, 1000, 1000, 1000, 1000, 1000, 1000, 1000, 1000, 1000, 1000, 1000, 1000, 1000,
	1000, 1000, 1000, 1000, 1000, 1000, 1000, 1000, 1000, 1000, 1000, 1000, 1000, 1000, 1000, 1000, 1000, 1000,
	1000, 1000, 1000, 1000, 1000, 1000, 1000, 1000, 1000, 1000, 1000, 1000, 1000, 1000, 1000, 1000, 1000, 1000,
	1000, 1000, 1000, 1000, 1000, 1000, 1000, 1000, 1000, 1000, 1000, 1000, 1000, 1000, 1000, 1000, 1000, 1000,
	1000, 1000, 1000, 1000, 1000, 1000, 1000, 1000, 1000, 1000, 1000, 1000, 1000, 1000, 1000, 1000, 1000, 1000,
	1000, 1000, 1000, 1000, 1000, 1000, 1000, 1000, 1000, 1000, 1000, 1000, 1000, 1000, 1000, 1000, 1000, 1000,
	1000, 1000, 1000, 1000, 1000, 1000, 1000, 1000, 1000, 1000, 1000, 1000, 1000, 1000, 1000, 1000, 1000, 1000,
	1000, 1000, 1000, 1000, 1000, 1000, 1000, 1000, 1000, 1000, 1000, 1000, 1000, 1000, 1000, 1000, 1000, 1000,
	1000, 1000, 1000, 1000, 1000, 1000, 1000, 1000, 1000, 1000, 1000, 1000, 1000, 1000, 1000, 1000, 1000, 1000,
	1000, 1000, 1000, 1000, 1000, 1000, 1000, 1000, 1000, 1000, 1000, 1000, 1000, 1000, 1000, 1000, 1000, 1000,
	1000, 1000, 1000, 1000, 1000, 1000, 1000, 1000, 1000, 1000, 1000, 1000, 1000, 1000, 1000, 1000, 1000, 1000,
	1000, 1000, 1000, 1000, 1000, 1000, 1000, 1000, 1000, 1000, 1000, 1000, 1000, 1000, 1000, 1000, 1000, 1000,
	1000, 1000, 1000, 1000, 1000, 1000, 1000, 1000, 1000, 1000, 1000, 1000, 1000, 1000, 1000, 1000, 1000, 1000,
	1000, 1000, 1000, 1000, 1000, 1000, 1000, 1000, 1000, 1000, 1000, 1000, 1000, 1000, 1000, 1000, 1000, 1000,
	1000, 1000, 1000, 1000, 1000, 1000, 1000, 1000, 1000, 1000, 1000, 1000, 1000, 1000, 1000, 1000, 1000, 1000,
	1000, 1000, 1000, 1000, 1000, 1000, 1000, 1000, 1000, 1000, 1000, 1000, 1000, 1000, 1000, 1000, 1000, 1000,
	1000, 1000, 1000, 1000, 1000, 1000, 1000, 1000, 1000, 1000, 1000, 1000, 1000, 1000, 1000, 1000, 1000, 1000,
	1000, 1000, 1000, 1000, 1000, 1000, 1000, 1000, 1000, 1000, 1000, 1000, 1000, 1000, 1000, 1000, 1000, 1000,
	1000, 1000, 1000, 1000, 1000, 1000, 1000, 1000, 1000, 1000, 1000, 1000, 1000, 1000, 1000, 1000, 1000, 1000,
	1000, 1000, 1000, 1000, 1000, 1000, 1000, 1000, 1000, 1000, 1000, 1000, 1000, 1000, 1000, 1000, 1000, 1000,
	1000, 1000, 1000, 1000, 1000, 1000, 1000, 1000, 1000, 1000, 1000, 1000, 1000, 1000, 1000, 1000, 1000, 1000,
	1000, 1000, 1000, 1000, 1000, 1000, 1000, 1000, 1000, 1000, 1000, 1000, 1000, 1000, 1000, 1000, 1000, 1000,
	1000, 1000, 1000, 1000, 1000, 1000, 1000, 1000, 1000, 1000, 1000, 1000, 1000, 1000, 1000, 1000, 1000, 1000,
	1000, 1000, 1000, 1000, 1000, 1000, 1000, 1000, 1000, 1000, 1000, 1000, 1000, 1000, 1000, 1000, 1000, 1000,
	1000, 1000, 1000, 1000, 1000, 1000, 1000, 1000, 1000, 1000, 1000, 1000, 1000, 1000, 1000, 1000, 1000, 1000,
	1000, 1000, 1000, 1000, 1000, 1000, 1000, 1000, 1000, 1000, 1000, 1000, 1000, 1000, 1000, 1000, 1000, 1000,
	1000, 1000, 1000, 1000, 1000, 1000, 1000, 1000, 1000, 1000, 1000, 1000, 1000, 1000, 1000, 1000, 1000, 1000,
	1000, 1000, 1000, 1000, 1000, 1000, 1000, 1000, 1000, 1000, 1000, 1000, 1000, 1000, 1000, 1000, 1000, 1000,
	1000, 1000, 1000, 1000, 1000, 1000, 1000, 1000, 1000, 1000, 1000, 1000, 1000, 1000, 1000, 1000, 1000, 1000,
	1000, 1000, 1000, 1000, 1000, 1000, 1000, 1000, 1000, 1000, 1000, 1000, 1000, 1000, 1000, 1000, 1000, 1000,
	1000, 1000, 1000, 1000, 1000, 1000, 1000, 1000, 1000, 1000, 1000, 1000, 1000, 1000, 1000, 1000, 1000, 1000,
	1000, 1000, 1000, 1000, 1000, 1000, 1000, 1000, 1000, 1000, 1000, 1000, 1000, 1000, 1000, 1000, 1000, 1000,
	1000, 1000, 1000, 1000, 1000, 1000, 1000, 1000, 1000, 1000, 1000, 1000, 1000, 1000, 1000, 1000, 1000, 1000,
	1000, 1000, 1000, 1000, 1000, 1000, 1000, 1000, 1000, 1000, 1000, 1000, 1000, 1000, 1000, 1000, 1000, 1000,
	1000, 1000, 1000, 1000, 1000, 1000, 1000, 1000, 1000, 1000, 1000, 1000, 1000, 1000, 1000, 1000, 1000, 1000,
	1000, 1000, 1000, 1000, 1000, 1000, 1000, 1000, 1000, 1000, 1000, 1000, 1000, 1000, 1000, 1000, 1000, 1000,
	1000, 1000, 1000, 1000, 1000, 1000, 1000, 1000, 1000, 1000, 1000, 1000, 1000, 1000, 1000, 1000, 1000, 1000,
	1000, 1000, 1000, 1000, 1000, 1000, 1000, 1000, 1000, 1000, 1000, 1000, 1000, 1000, 1000, 1000, 1000, 1000,
	1000, 1000, 1000, 1000, 1000, 1000, 1000, 1000, 1000, 1000, 1000, 1000, 1000, 1000, 1000, 1000, 1000, 1000,
}

SHORT_M2_Upper = {
	8192, 8192, 8192, 8192, 8192, 8192, 8192, 8192, 8192, 8192, 8192, 8192, 8192, 8192, 8192, 8192, 8192, 8192,
	8192, 8192, 8192, 8192, 8192, 8192, 8192, 8192, 8192, 8192, 8192, 8192, 8192, 8192, 8192, 8192, 8192, 8192,
	8192, 8192, 8192, 8192, 8192, 8192, 8192, 8192, 8192, 8192, 8192, 8192, 8192, 8192, 8192, 8192, 8192, 8192,
	8192, 8192, 8192, 8192, 8192, 8192, 8192, 8192, 8192, 8192, 8192, 8192, 8192, 8192, 8192, 8192, 8192, 8192,
	8192, 8192, 8192, 8192, 8192, 8192, 8192, 8192, 8192, 8192, 8192, 8192, 8192, 8192, 8192, 8192, 8192, 8192,
	8192, 8192, 8192, 8192, 8192, 8192, 8192, 8192, 8192, 8192, 8192, 8192, 8192, 8192, 8192, 8192, 8192, 8192,
	8192, 8192, 8192, 8192, 8192, 8192, 8192, 8192, 8192, 8192, 8192, 8192, 8192, 8192, 8192, 8192, 8192, 8192,
	8192, 8192, 8192, 8192, 8192, 8192, 8192, 8192, 8192, 8192, 8192, 8192, 8192, 8192, 8192, 8192, 8192, 8192,
	8192, 8192, 8192, 8192, 8192, 8192, 8192, 8192, 8192, 8192, 8192, 8192, 8192, 8192, 8192, 8192, 8192, 8192,
	8192, 8192, 8192, 8192, 8192, 8192, 8192, 8192, 8192, 8192, 8192, 8192, 8192, 8192, 8192, 8192, 8192, 8192,
	8192, 8192, 8192, 8192, 8192, 8192, 8192, 8192, 8192, 8192, 8192, 8192, 8192, 8192, 8192, 8192, 8192, 8192,
	8192, 8192, 8192, 8192, 8192, 8192, 8192, 8192, 8192, 8192, 8192, 8192, 8192, 8192, 8192, 8192, 8192, 8192,
	8192, 8192, 8192, 8192, 8192, 8192, 8192, 8192, 8192, 8192, 8192, 8192, 8192, 8192, 8192, 8192, 8192, 8192,
	8192, 8192, 8192, 8192, 8192, 8192, 8192, 8192, 8192, 8192, 8192, 8192, 8192, 8192, 8192, 8192, 8192, 8192,
	8192, 8192, 8192, 8192, 8192, 8192, 8192, 8192, 8192, 8192, 8192, 8192, 8192, 8192, 8192, 8192, 8192, 8192,
	8192, 8192, 8192, 8192, 8192, 8192, 8192, 8192, 8192, 8192, 8192, 8192, 8192, 8192, 8192, 8192, 8192, 8192,
	8192, 8192, 8192, 8192, 8192, 8192, 8192, 8192, 8192, 8192, 8192, 8192, 8192, 8192, 8192, 8192, 8192, 8192,
	8192, 8192, 8192, 8192, 8192, 8192, 8192, 8192, 8192, 8192, 8192, 8192, 8192, 8192, 8192, 8192, 8192, 8192,
	8192, 8192, 8192, 8192, 8192, 8192, 8192, 8192, 8192, 8192, 8192, 8192, 8192, 8192, 8192, 8192, 8192, 8192,
	8192, 8192, 8192, 8192, 8192, 8192, 8192, 8192, 8192, 8192, 8192, 8192, 8192, 8192, 8192, 8192, 8192, 8192,
	8192, 8192, 8192, 8192, 8192, 8192, 8192, 8192, 8192, 8192, 8192, 8192, 8192, 8192, 8192, 8192, 8192, 8192,
	8192, 8192, 8192, 8192, 8192, 8192, 8192, 8192, 8192, 8192, 8192, 8192, 8192, 8192, 8192, 8192, 8192, 8192,
	8192, 8192, 8192, 8192, 8192, 8192, 8192, 8192, 8192, 8192, 8192, 8192, 8192, 8192, 8192, 8192, 8192, 8192,
	8192, 8192, 8192, 8192, 8192, 8192, 8192, 8192, 8192, 8192, 8192, 8192, 8192, 8192, 8192, 8192, 8192, 8192,
	8192, 8192, 8192, 8192, 8192, 8192, 8192, 8192, 8192, 8192, 8192, 8192, 8192, 8192, 8192, 8192, 8192, 8192,
	8192, 8192, 8192, 8192, 8192, 8192, 8192, 8192, 8192, 8192, 8192, 8192, 8192, 8192, 8192, 8192, 8192, 8192,
	8192, 8192, 8192, 8192, 8192, 8192, 8192, 8192, 8192, 8192, 8192, 8192, 8192, 8192, 8192, 8192, 8192, 8192,
	8192, 8192, 8192, 8192, 8192, 8192, 8192, 8192, 8192, 8192, 8192, 8192, 8192, 8192, 8192, 8192, 8192, 8192,
	8192, 8192, 8192, 8192, 8192, 8192, 8192, 8192, 8192, 8192, 8192, 8192, 8192, 8192, 8192, 8192, 8192, 8192,
	8192, 8192, 8192, 8192, 8192, 8192, 8192, 8192, 8192, 8192, 8192, 8192, 8192, 8192, 8192, 8192, 8192, 8192,
	8192, 8192, 8192, 8192, 8192, 8192, 8192, 8192, 8192, 8192, 8192, 8192, 8192, 8192, 8192, 8192, 8192, 8192,
	8192, 8192, 8192, 8192, 8192, 8192, 8192, 8192, 8192, 8192, 8192, 8192, 8192, 8192, 8192, 8192, 8192, 8192,
	8192, 8192, 8192, 8192, 8192, 8192, 8192, 8192, 8192, 8192, 8192, 8192, 8192, 8192, 8192, 8192, 8192, 8192,
	8192, 8192, 8192, 8192, 8192, 8192, 8192, 8192, 8192, 8192, 8192, 8192, 8192, 8192, 8192, 8192, 8192, 8192,
	8192, 8192, 8192, 8192, 8192, 8192, 8192, 8192, 8192, 8192, 8192, 8192, 8192, 8192, 8192, 8192, 8192, 8192,
	8192, 8192, 8192, 8192, 8192, 8192, 8192, 8192, 8192, 8192, 8192, 8192, 8192, 8192, 8192, 8192, 8192, 8192,
	8192, 8192, 8192, 8192, 8192, 8192, 8192, 8192, 8192, 8192, 8192, 8192, 8192, 8192, 8192, 8192, 8192, 8192,
	8192, 8192, 8192, 8192, 8192, 8192, 8192, 8192, 8192, 8192, 8192, 8192, 8192, 8192, 8192, 8192, 8192, 8192,
	8192, 8192, 8192, 8192, 8192, 8192, 8192, 8192, 8192, 8192, 8192, 8192, 8192, 8192, 8192, 8192, 8192, 8192,
	8192, 8192, 8192, 8192, 8192, 8192, 8192, 8192, 8192, 8192, 8192, 8192, 8192, 8192, 8192, 8192, 8192, 8192,
	8192, 8192, 8192, 8192, 8192, 8192, 8192, 8192, 8192, 8192, 8192, 8192, 8192, 8192, 8192, 8192, 8192, 8192,
	8192, 8192, 8192, 8192, 8192, 8192, 8192, 8192, 8192, 8192, 8192, 8192, 8192, 8192, 8192, 8192, 8192, 8192,
	8192, 8192, 8192, 8192, 8192, 8192, 8192, 8192, 8192, 8192, 8192, 8192, 8192, 8192, 8192, 8192, 8192, 8192,
}
U3_M2_Lower = {
	3900, 3900, 3900, 3900, 3900, 3900, 3900, 3900, 3900, 3900, 3900, 3900, 3900, 3900, 3900, 3900, 3900, 3900,
	3900, 3900, 3900, 3900, 3900, 3900, 3900, 3900, 3900, 3900, 3900, 3900, 3900, 3900, 3900, 3900, 3900, 3900,
	3900, 3900, 3900, 3900, 3900, 3900, 3900, 3900, 3900, 3900, 3900, 3900, 3900, 3900, 3900, 3900, 3900, 3900,
	3900, 3900, 3900, 3900, 3900, 3900, 3900, 3900, 3900, 3900, 3900, 3900, 3900, 3900, 3900, 3900, 3900, 3900,
	3900, 3900, 3900, 3900, 3900, 3900, 3900, 3900, 3900, 3900, 3900, 3900, 3900, 3900, 3900, 3900, 3900, 3900,
	3900, 3900, 3900, 3900, 3900, 3900, 3900, 3900, 3900, 3900, 3900, 3900, 3900, 3900, 3900, 3900, 3900, 3900,
	3900, 3900, 3900, 3900, 3900, 3900, 3900, 3900, 3900, 3900, 3900, 3900, 3900, 3900, 3900, 3900, 3900, 3900,
	3900, 3900, 3900, 3900, 3900, 3900, 3900, 3900, 3900, 3900, 3900, 3900, 3900, 3900, 3900, 3900, 3900, 3900,
	3900, 3900, 3900, 3900, 3900, 3900, 3900, 3900, 3900, 3900, 3900, 3900, 3900, 3900, 3900, 3900, 3900, 3900,
	3900, 3900, 3900, 3900, 3900, 3900, 3900, 3900, 3900, 3900, 3900, 3900, 3900, 3900, 3900, 3900, 3900, 3900,
	3900, 3900, 3900, 3900, 3900, 3900, 3900, 3900, 3900, 3900, 3900, 3900, 3900, 3900, 3900, 3900, 3900, 3900,
	3900, 3900, 3900, 3900, 3900, 3900, 3900, 3900, 3900, 3900, 3900, 3900, 3900, 3900, 3900, 3900, 3900, 3900,
	3900, 3900, 3900, 3900, 3900, 3900, 3900, 3900, 3900, 3900, 3900, 3900, 3900, 3900, 3900, 3900, 3900, 3900,
	3900, 3900, 3900, 3900, 3900, 3900, 3900, 3900, 3900, 3900, 3900, 3900, 3900, 3900, 3900, 3900, 3900, 3900,
	3900, 3900, 3900, 3900, 3900, 3900, 3900, 3900, 3900, 3900, 3900, 3900, 3900, 3900, 3900, 3900, 3900, 3900,
	3900, 3900, 3900, 3900, 3900, 3900, 3900, 3900, 3900, 3900, 3900, 3900, 3900, 3900, 3900, 3900, 3900, 3900,
	3900, 3900, 3900, 3900, 3900, 3900, 3900, 3900, 3900, 3900, 3900, 3900, 3900, 3900, 3900, 3900, 3900, 3900,
	3900, 3900, 3900, 3900, 3900, 3900, 3900, 3900, 3900, 3900, 3900, 3900, 3900, 3900, 3900, 3900, 3900, 3900,
	3900, 3900, 3900, 3900, 3900, 3900, 3900, 3900, 3900, 3900, 3900, 3900, 3900, 3900, 3900, 3900, 3900, 3900,
	3900, 3900, 3900, 3900, 3900, 3900, 3900, 3900, 3900, 3900, 3900, 3900, 3900, 3900, 3900, 3900, 3900, 3900,
	3900, 3900, 3900, 3900, 3900, 3900, 3900, 3900, 3900, 3900, 3900, 3900, 3900, 3900, 3900, 3900, 3900, 3900,
	3900, 3900, 3900, 3900, 3900, 3900, 3900, 3900, 3900, 3900, 3900, 3900, 3900, 3900, 3900, 3900, 3900, 3900,
	3900, 3900, 3900, 3900, 3900, 3900, 3900, 3900, 3900, 3900, 3900, 3900, 3900, 3900, 3900, 3900, 3900, 3900,
	3900, 3900, 3900, 3900, 3900, 3900, 3900, 3900, 3900, 3900, 3900, 3900, 3900, 3900, 3900, 3900, 3900, 3900,
	3900, 3900, 3900, 3900, 3900, 3900, 3900, 3900, 3900, 3900, 3900, 3900, 3900, 3900, 3900, 3900, 3900, 3900,
	3900, 3900, 3900, 3900, 3900, 3900, 3900, 3900, 3900, 3900, 3900, 3900, 3900, 3900, 3900, 3900, 3900, 3900,
	3900, 3900, 3900, 3900, 3900, 3900, 3900, 3900, 3900, 3900, 3900, 3900, 3900, 3900, 3900, 3900, 3900, 3900,
	3900, 3900, 3900, 3900, 3900, 3900, 3900, 3900, 3900, 3900, 3900, 3900, 3900, 3900, 3900, 3900, 3900, 3900,
	3900, 3900, 3900, 3900, 3900, 3900, 3900, 3900, 3900, 3900, 3900, 3900, 3900, 3900, 3900, 3900, 3900, 3900,
	3900, 3900, 3900, 3900, 3900, 3900, 3900, 3900, 3900, 3900, 3900, 3900, 3900, 3900, 3900, 3900, 3900, 3900,
	3900, 3900, 3900, 3900, 3900, 3900, 3900, 3900, 3900, 3900, 3900, 3900, 3900, 3900, 3900, 3900, 3900, 3900,
	3900, 3900, 3900, 3900, 3900, 3900, 3900, 3900, 3900, 3900, 3900, 3900, 3900, 3900, 3900, 3900, 3900, 3900,
	3900, 3900, 3900, 3900, 3900, 3900, 3900, 3900, 3900, 3900, 3900, 3900, 3900, 3900, 3900, 3900, 3900, 3900,
	3900, 3900, 3900, 3900, 3900, 3900, 3900, 3900, 3900, 3900, 3900, 3900, 3900, 3900, 3900, 3900, 3900, 3900,
	3900, 3900, 3900, 3900, 3900, 3900, 3900, 3900, 3900, 3900, 3900, 3900, 3900, 3900, 3900, 3900, 3900, 3900,
	3900, 3900, 3900, 3900, 3900, 3900, 3900, 3900, 3900, 3900, 3900, 3900, 3900, 3900, 3900, 3900, 3900, 3900,
	3900, 3900, 3900, 3900, 3900, 3900, 3900, 3900, 3900, 3900, 3900, 3900, 3900, 3900, 3900, 3900, 3900, 3900,
	3900, 3900, 3900, 3900, 3900, 3900, 3900, 3900, 3900, 3900, 3900, 3900, 3900, 3900, 3900, 3900, 3900, 3900,
	3900, 3900, 3900, 3900, 3900, 3900, 3900, 3900, 3900, 3900, 3900, 3900, 3900, 3900, 3900, 3900, 3900, 3900,
	3900, 3900, 3900, 3900, 3900, 3900, 3900, 3900, 3900, 3900, 3900, 3900, 3900, 3900, 3900, 3900, 3900, 3900,
	3900, 3900, 3900, 3900, 3900, 3900, 3900, 3900, 3900, 3900, 3900, 3900, 3900, 3900, 3900, 3900, 3900, 3900,
}
U3_M2_Upper = {
	6100, 6100, 6100, 6100, 6100, 6100, 6100, 6100, 6100, 6100, 6100, 6100, 6100, 6100, 6100, 6100, 6100, 6100,
	6100, 6100, 6100, 6100, 6100, 6100, 6100, 6100, 6100, 6100, 6100, 6100, 6100, 6100, 6100, 6100, 6100, 6100,
	6100, 6100, 6100, 6100, 6100, 6100, 6100, 6100, 6100, 6100, 6100, 6100, 6100, 6100, 6100, 6100, 6100, 6100,
	6100, 6100, 6100, 6100, 6100, 6100, 6100, 6100, 6100, 6100, 6100, 6100, 6100, 6100, 6100, 6100, 6100, 6100,
	6100, 6100, 6100, 6100, 6100, 6100, 6100, 6100, 6100, 6100, 6100, 6100, 6100, 6100, 6100, 6100, 6100, 6100,
	6100, 6100, 6100, 6100, 6100, 6100, 6100, 6100, 6100, 6100, 6100, 6100, 6100, 6100, 6100, 6100, 6100, 6100,
	6100, 6100, 6100, 6100, 6100, 6100, 6100, 6100, 6100, 6100, 6100, 6100, 6100, 6100, 6100, 6100, 6100, 6100,
	6100, 6100, 6100, 6100, 6100, 6100, 6100, 6100, 6100, 6100, 6100, 6100, 6100, 6100, 6100, 6100, 6100, 6100,
	6100, 6100, 6100, 6100, 6100, 6100, 6100, 6100, 6100, 6100, 6100, 6100, 6100, 6100, 6100, 6100, 6100, 6100,
	6100, 6100, 6100, 6100, 6100, 6100, 6100, 6100, 6100, 6100, 6100, 6100, 6100, 6100, 6100, 6100, 6100, 6100,
	6100, 6100, 6100, 6100, 6100, 6100, 6100, 6100, 6100, 6100, 6100, 6100, 6100, 6100, 6100, 6100, 6100, 6100,
	6100, 6100, 6100, 6100, 6100, 6100, 6100, 6100, 6100, 6100, 6100, 6100, 6100, 6100, 6100, 6100, 6100, 6100,
	6100, 6100, 6100, 6100, 6100, 6100, 6100, 6100, 6100, 6100, 6100, 6100, 6100, 6100, 6100, 6100, 6100, 6100,
	6100, 6100, 6100, 6100, 6100, 6100, 6100, 6100, 6100, 6100, 6100, 6100, 6100, 6100, 6100, 6100, 6100, 6100,
	6100, 6100, 6100, 6100, 6100, 6100, 6100, 6100, 6100, 6100, 6100, 6100, 6100, 6100, 6100, 6100, 6100, 6100,
	6100, 6100, 6100, 6100, 6100, 6100, 6100, 6100, 6100, 6100, 6100, 6100, 6100, 6100, 6100, 6100, 6100, 6100,
	6100, 6100, 6100, 6100, 6100, 6100, 6100, 6100, 6100, 6100, 6100, 6100, 6100, 6100, 6100, 6100, 6100, 6100,
	6100, 6100, 6100, 6100, 6100, 6100, 6100, 6100, 6100, 6100, 6100, 6100, 6100, 6100, 6100, 6100, 6100, 6100,
	6100, 6100, 6100, 6100, 6100, 6100, 6100, 6100, 6100, 6100, 6100, 6100, 6100, 6100, 6100, 6100, 6100, 6100,
	6100, 6100, 6100, 6100, 6100, 6100, 6100, 6100, 6100, 6100, 6100, 6100, 6100, 6100, 6100, 6100, 6100, 6100,
	6100, 6100, 6100, 6100, 6100, 6100, 6100, 6100, 6100, 6100, 6100, 6100, 6100, 6100, 6100, 6100, 6100, 6100,
	6100, 6100, 6100, 6100, 6100, 6100, 6100, 6100, 6100, 6100, 6100, 6100, 6100, 6100, 6100, 6100, 6100, 6100,
	6100, 6100, 6100, 6100, 6100, 6100, 6100, 6100, 6100, 6100, 6100, 6100, 6100, 6100, 6100, 6100, 6100, 6100,
	6100, 6100, 6100, 6100, 6100, 6100, 6100, 6100, 6100, 6100, 6100, 6100, 6100, 6100, 6100, 6100, 6100, 6100,
	6100, 6100, 6100, 6100, 6100, 6100, 6100, 6100, 6100, 6100, 6100, 6100, 6100, 6100, 6100, 6100, 6100, 6100,
	6100, 6100, 6100, 6100, 6100, 6100, 6100, 6100, 6100, 6100, 6100, 6100, 6100, 6100, 6100, 6100, 6100, 6100,
	6100, 6100, 6100, 6100, 6100, 6100, 6100, 6100, 6100, 6100, 6100, 6100, 6100, 6100, 6100, 6100, 6100, 6100,
	6100, 6100, 6100, 6100, 6100, 6100, 6100, 6100, 6100, 6100, 6100, 6100, 6100, 6100, 6100, 6100, 6100, 6100,
	6100, 6100, 6100, 6100, 6100, 6100, 6100, 6100, 6100, 6100, 6100, 6100, 6100, 6100, 6100, 6100, 6100, 6100,
	6100, 6100, 6100, 6100, 6100, 6100, 6100, 6100, 6100, 6100, 6100, 6100, 6100, 6100, 6100, 6100, 6100, 6100,
	6100, 6100, 6100, 6100, 6100, 6100, 6100, 6100, 6100, 6100, 6100, 6100, 6100, 6100, 6100, 6100, 6100, 6100,
	6100, 6100, 6100, 6100, 6100, 6100, 6100, 6100, 6100, 6100, 6100, 6100, 6100, 6100, 6100, 6100, 6100, 6100,
	6100, 6100, 6100, 6100, 6100, 6100, 6100, 6100, 6100, 6100, 6100, 6100, 6100, 6100, 6100, 6100, 6100, 6100,
	6100, 6100, 6100, 6100, 6100, 6100, 6100, 6100, 6100, 6100, 6100, 6100, 6100, 6100, 6100, 6100, 6100, 6100,
	6100, 6100, 6100, 6100, 6100, 6100, 6100, 6100, 6100, 6100, 6100, 6100, 6100, 6100, 6100, 6100, 6100, 6100,
	6100, 6100, 6100, 6100, 6100, 6100, 6100, 6100, 6100, 6100, 6100, 6100, 6100, 6100, 6100, 6100, 6100, 6100,
	6100, 6100, 6100, 6100, 6100, 6100, 6100, 6100, 6100, 6100, 6100, 6100, 6100, 6100, 6100, 6100, 6100, 6100,
	6100, 6100, 6100, 6100, 6100, 6100, 6100, 6100, 6100, 6100, 6100, 6100, 6100, 6100, 6100, 6100, 6100, 6100,
	6100, 6100, 6100, 6100, 6100, 6100, 6100, 6100, 6100, 6100, 6100, 6100, 6100, 6100, 6100, 6100, 6100, 6100,
	6100, 6100, 6100, 6100, 6100, 6100, 6100, 6100, 6100, 6100, 6100, 6100, 6100, 6100, 6100, 6100, 6100, 6100,
	6100, 6100, 6100, 6100, 6100, 6100, 6100, 6100, 6100, 6100, 6100, 6100, 6100, 6100, 6100, 6100, 6100, 6100,
}
U3_M2_JITTER_Lower = {
	0, 0, 0, 0, 0, 0, 0, 0, 0, 0, 0, 0, 0, 0, 0, 0, 0, 0,
	0, 0, 0, 0, 0, 0, 0, 0, 0, 0, 0, 0, 0, 0, 0, 0, 0, 0,
	0, 0, 0, 0, 0, 0, 0, 0, 0, 0, 0, 0, 0, 0, 0, 0, 0, 0,
	0, 0, 0, 0, 0, 0, 0, 0, 0, 0, 0, 0, 0, 0, 0, 0, 0, 0,
	0, 0, 0, 0, 0, 0, 0, 0, 0, 0, 0, 0, 0, 0, 0, 0, 0, 0,
	0, 0, 0, 0, 0, 0, 0, 0, 0, 0, 0, 0, 0, 0, 0, 0, 0, 0,
	0, 0, 0, 0, 0, 0, 0, 0, 0, 0, 0, 0, 0, 0, 0, 0, 0, 0,
	0, 0, 0, 0, 0, 0, 0, 0, 0, 0, 0, 0, 0, 0, 0, 0, 0, 0,
	0, 0, 0, 0, 0, 0, 0, 0, 0, 0, 0, 0, 0, 0, 0, 0, 0, 0,
	0, 0, 0, 0, 0, 0, 0, 0, 0, 0, 0, 0, 0, 0, 0, 0, 0, 0,
	0, 0, 0, 0, 0, 0, 0, 0, 0, 0, 0, 0, 0, 0, 0, 0, 0, 0,
	0, 0, 0, 0, 0, 0, 0, 0, 0, 0, 0, 0, 0, 0, 0, 0, 0, 0,
	0, 0, 0, 0, 0, 0, 0, 0, 0, 0, 0, 0, 0, 0, 0, 0, 0, 0,
	0, 0, 0, 0, 0, 0, 0, 0, 0, 0, 0, 0, 0, 0, 0, 0, 0, 0,
	0, 0, 0, 0, 0, 0, 0, 0, 0, 0, 0, 0, 0, 0, 0, 0, 0, 0,
	0, 0, 0, 0, 0, 0, 0, 0, 0, 0, 0, 0, 0, 0, 0, 0, 0, 0,
	0, 0, 0, 0, 0, 0, 0, 0, 0, 0, 0, 0, 0, 0, 0, 0, 0, 0,
	0, 0, 0, 0, 0, 0, 0, 0, 0, 0, 0, 0, 0, 0, 0, 0, 0, 0,
	0, 0, 0, 0, 0, 0, 0, 0, 0, 0, 0, 0, 0, 0, 0, 0, 0, 0,
	0, 0, 0, 0, 0, 0, 0, 0, 0, 0, 0, 0, 0, 0, 0, 0, 0, 0,
	0, 0, 0, 0, 0, 0, 0, 0, 0, 0, 0, 0, 0, 0, 0, 0, 0, 0,
	0, 0, 0, 0, 0, 0, 0, 0, 0, 0, 0, 0, 0, 0, 0, 0, 0, 0,
	0, 0, 0, 0, 0, 0, 0, 0, 0, 0, 0, 0, 0, 0, 0, 0, 0, 0,
	0, 0, 0, 0, 0, 0, 0, 0, 0, 0, 0, 0, 0, 0, 0, 0, 0, 0,
	0, 0, 0, 0, 0, 0, 0, 0, 0, 0, 0, 0, 0, 0, 0, 0, 0, 0,
	0, 0, 0, 0, 0, 0, 0, 0, 0, 0, 0, 0, 0, 0, 0, 0, 0, 0,
	0, 0, 0, 0, 0, 0, 0, 0, 0, 0, 0, 0, 0, 0, 0, 0, 0, 0,
	0, 0, 0, 0, 0, 0, 0, 0, 0, 0, 0, 0, 0, 0, 0, 0, 0, 0,
	0, 0, 0, 0, 0, 0, 0, 0, 0, 0, 0, 0, 0, 0, 0, 0, 0, 0,
	0, 0, 0, 0, 0, 0, 0, 0, 0, 0, 0, 0, 0, 0, 0, 0, 0, 0,
	0, 0, 0, 0, 0, 0, 0, 0, 0, 0, 0, 0, 0, 0, 0, 0, 0, 0,
	0, 0, 0, 0, 0, 0, 0, 0, 0, 0, 0, 0, 0, 0, 0, 0, 0, 0,
	0, 0, 0, 0, 0, 0, 0, 0, 0, 0, 0, 0, 0, 0, 0, 0, 0, 0,
	0, 0, 0, 0, 0, 0, 0, 0, 0, 0, 0, 0, 0, 0, 0, 0, 0, 0,
	0, 0, 0, 0, 0, 0, 0, 0, 0, 0, 0, 0, 0, 0, 0, 0, 0, 0,
	0, 0, 0, 0, 0, 0, 0, 0, 0, 0, 0, 0, 0, 0, 0, 0, 0, 0,
	0, 0, 0, 0, 0, 0, 0, 0, 0, 0, 0, 0, 0, 0, 0, 0, 0, 0,
	0, 0, 0, 0, 0, 0, 0, 0, 0, 0, 0, 0, 0, 0, 0, 0, 0, 0,
	0, 0, 0, 0, 0, 0, 0, 0, 0, 0, 0, 0, 0, 0, 0, 0, 0, 0,
	0, 0, 0, 0, 0, 0, 0, 0, 0, 0, 0, 0, 0, 0, 0, 0, 0, 0,
	0, 0, 0, 0, 0, 0, 0, 0, 0, 0, 0, 0, 0, 0, 0, 0, 0, 0,
}
U3_M2_JITTER_Upper = {
	60, 60, 60, 60, 60, 60, 60, 60, 60, 60, 60, 60, 60, 60, 60, 60, 60, 60,
	60, 60, 60, 60, 60, 60, 60, 60, 60, 60, 60, 60, 60, 60, 60, 60, 60, 60,
	60, 60, 60, 60, 60, 60, 60, 60, 60, 60, 60, 60, 60, 60, 60, 60, 60, 60,
	60, 60, 60, 60, 60, 60, 60, 60, 60, 60, 60, 60, 60, 60, 60, 60, 60, 60,
	60, 60, 60, 60, 60, 60, 60, 60, 60, 60, 60, 60, 60, 60, 60, 60, 60, 60,
	60, 60, 60, 60, 60, 60, 60, 60, 60, 60, 60, 60, 60, 60, 60, 60, 60, 60,
	60, 60, 60, 60, 60, 60, 60, 60, 60, 60, 60, 60, 60, 60, 60, 60, 60, 60,
	60, 60, 60, 60, 60, 60, 60, 60, 60, 60, 60, 60, 60, 60, 60, 60, 60, 60,
	60, 60, 60, 60, 60, 60, 60, 60, 60, 60, 60, 60, 60, 60, 60, 60, 60, 60,
	60, 60, 60, 60, 60, 60, 60, 60, 60, 60, 60, 60, 60, 60, 60, 60, 60, 60,
	60, 60, 60, 60, 60, 60, 60, 60, 60, 60, 60, 60, 60, 60, 60, 60, 60, 60,
	60, 60, 60, 60, 60, 60, 60, 60, 60, 60, 60, 60, 60, 60, 60, 60, 60, 60,
	60, 60, 60, 60, 60, 60, 60, 60, 60, 60, 60, 60, 60, 60, 60, 60, 60, 60,
	60, 60, 60, 60, 60, 60, 60, 60, 60, 60, 60, 60, 60, 60, 60, 60, 60, 60,
	60, 60, 60, 60, 60, 60, 60, 60, 60, 60, 60, 60, 60, 60, 60, 60, 60, 60,
	60, 60, 60, 60, 60, 60, 60, 60, 60, 60, 60, 60, 60, 60, 60, 60, 60, 60,
	60, 60, 60, 60, 60, 60, 60, 60, 60, 60, 60, 60, 60, 60, 60, 60, 60, 60,
	60, 60, 60, 60, 60, 60, 60, 60, 60, 60, 60, 60, 60, 60, 60, 60, 60, 60,
	60, 60, 60, 60, 60, 60, 60, 60, 60, 60, 60, 60, 60, 60, 60, 60, 60, 60,
	60, 60, 60, 60, 60, 60, 60, 60, 60, 60, 60, 60, 60, 60, 60, 60, 60, 60,
	60, 60, 60, 60, 60, 60, 60, 60, 60, 60, 60, 60, 60, 60, 60, 60, 60, 60,
	60, 60, 60, 60, 60, 60, 60, 60, 60, 60, 60, 60, 60, 60, 60, 60, 60, 60,
	60, 60, 60, 60, 60, 60, 60, 60, 60, 60, 60, 60, 60, 60, 60, 60, 60, 60,
	60, 60, 60, 60, 60, 60, 60, 60, 60, 60, 60, 60, 60, 60, 60, 60, 60, 60,
	60, 60, 60, 60, 60, 60, 60, 60, 60, 60, 60, 60, 60, 60, 60, 60, 60, 60,
	60, 60, 60, 60, 60, 60, 60, 60, 60, 60, 60, 60, 60, 60, 60, 60, 60, 60,
	60, 60, 60, 60, 60, 60, 60, 60, 60, 60, 60, 60, 60, 60, 60, 60, 60, 60,
	60, 60, 60, 60, 60, 60, 60, 60, 60, 60, 60, 60, 60, 60, 60, 60, 60, 60,
	60, 60, 60, 60, 60, 60, 60, 60, 60, 60, 60, 60, 60, 60, 60, 60, 60, 60,
	60, 60, 60, 60, 60, 60, 60, 60, 60, 60, 60, 60, 60, 60, 60, 60, 60, 60,
	60, 60, 60, 60, 60, 60, 60, 60, 60, 60, 60, 60, 60, 60, 60, 60, 60, 60,
	60, 60, 60, 60, 60, 60, 60, 60, 60, 60, 60, 60, 60, 60, 60, 60, 60, 60,
	60, 60, 60, 60, 60, 60, 60, 60, 60, 60, 60, 60, 60, 60, 60, 60, 60, 60,
	60, 60, 60, 60, 60, 60, 60, 60, 60, 60, 60, 60, 60, 60, 60, 60, 60, 60,
	60, 60, 60, 60, 60, 60, 60, 60, 60, 60, 60, 60, 60, 60, 60, 60, 60, 60,
	60, 60, 60, 60, 60, 60, 60, 60, 60, 60, 60, 60, 60, 60, 60, 60, 60, 60,
	60, 60, 60, 60, 60, 60, 60, 60, 60, 60, 60, 60, 60, 60, 60, 60, 60, 60,
	60, 60, 60, 60, 60, 60, 60, 60, 60, 60, 60, 60, 60, 60, 60, 60, 60, 60,
	60, 60, 60, 60, 60, 60, 60, 60, 60, 60, 60, 60, 60, 60, 60, 60, 60, 60,
	60, 60, 60, 60, 60, 60, 60, 60, 60, 60, 60, 60, 60, 60, 60, 60, 60, 60,
	60, 60, 60, 60, 60, 60, 60, 60, 60, 60, 60, 60, 60, 60, 60, 60, 60, 60,
}
U0_M1_Lower = {
	650, 650, 650, 650, 650, 650, 650, 650, 650, 650, 650, 650, 650, 650, 650, 650, 650, 650,
	650, 650, 650, 650, 650, 650, 650, 650, 650, 650, 650, 650, 650, 650, 650, 650, 650, 650,
	650, 650, 650, 650, 650, 650, 650, 650, 650, 650, 650, 650, 650, 650, 650, 650, 650, 650,
	650, 650, 650, 650, 650, 650, 650, 650, 650, 650, 650, 650, 650, 650, 650, 650, 650, 650,
	650, 650, 650, 650, 650, 650, 650, 650, 650, 650, 650, 650, 650, 650, 650, 650, 650, 650,
	650, 650, 650, 650, 650, 650, 650, 650, 650, 650, 650, 650, 650, 650, 650, 650, 650, 650,
	650, 650, 650, 650, 650, 650, 650, 650, 650, 650, 650, 650, 650, 650, 650, 650, 650, 650,
	650, 650, 650, 650, 650, 650, 650, 650, 650, 650, 650, 650, 650, 650, 650, 650, 650, 650,
	650, 650, 650, 650, 650, 650, 650, 650, 650, 650, 650, 650, 650, 650, 650, 650, 650, 650,
	650, 650, 650, 650, 650, 650, 650, 650, 650, 650, 650, 650, 650, 650, 650, 650, 650, 650,
	650, 650, 650, 650, 650, 650, 650, 650, 650, 650, 650, 650, 650, 650, 650, 650, 650, 650,
	650, 650, 650, 650, 650, 650, 650, 650, 650, 650, 650, 650, 650, 650, 650, 650, 650, 650,
	650, 650, 650, 650, 650, 650, 650, 650, 650, 650, 650, 650, 650, 650, 650, 650, 650, 650,
	650, 650, 650, 650, 650, 650, 650, 650, 650, 650, 650, 650, 650, 650, 650, 650, 650, 650,
	650, 650, 650, 650, 650, 650, 650, 650, 650, 650, 650, 650, 650, 650, 650, 650, 650, 650,
	650, 650, 650, 650, 650, 650, 650, 650, 650, 650, 650, 650, 650, 650, 650, 650, 650, 650,
	650, 650, 650, 650, 650, 650, 650, 650, 650, 650, 650, 650, 650, 650, 650, 650, 650, 650,
	650, 650, 650, 650, 650, 650, 650, 650, 650, 650, 650, 650, 650, 650, 650, 650, 650, 650,
	650, 650, 650, 650, 650, 650, 650, 650, 650, 650, 650, 650, 650, 650, 650, 650, 650, 650,
	650, 650, 650, 650, 650, 650, 650, 650, 650, 650, 650, 650, 650, 650, 650, 650, 650, 650,
	650, 650, 650, 650, 650, 650, 650, 650, 650, 650, 650, 650, 650, 650, 650, 650, 650, 650,
	650, 650, 650, 650, 650, 650, 650, 650, 650, 650, 650, 650, 650, 650, 650, 650, 650, 650,
	650, 650, 650, 650, 650, 650, 650, 650, 650, 650, 650, 650, 650, 650, 650, 650, 650, 650,
	650, 650, 650, 650, 650, 650, 650, 650, 650, 650, 650, 650, 650, 650, 650, 650, 650, 650,
	650, 650, 650, 650, 650, 650, 650, 650, 650, 650, 650, 650, 650, 650, 650, 650, 650, 650,
	650, 650, 650, 650, 650, 650, 650, 650, 650, 650, 650, 650, 650, 650, 650, 650, 650, 650,
	650, 650, 650, 650, 650, 650, 650, 650, 650, 650, 650, 650, 650, 650, 650, 650, 650, 650,
	650, 650, 650, 650, 650, 650, 650, 650, 650, 650, 650, 650, 650, 650, 650, 650, 650, 650,
	650, 650, 650, 650, 650, 650, 650, 650, 650, 650, 650, 650, 650, 650, 650, 650, 650, 650,
	650, 650, 650, 650, 650, 650, 650, 650, 650, 650, 650, 650, 650, 650, 650, 650, 650, 650,
	650, 650, 650, 650, 650, 650, 650, 650, 650, 650, 650, 650, 650, 650, 650, 650, 650, 650,
	650, 650, 650, 650, 650, 650, 650, 650, 650, 650, 650, 650, 650, 650, 650, 650, 650, 650,
	650, 650, 650, 650, 650, 650, 650, 650, 650, 650, 650, 650, 650, 650, 650, 650, 650, 650,
	650, 650, 650, 650, 650, 650, 650, 650, 650, 650, 650, 650, 650, 650, 650, 650, 650, 650,
	650, 650, 650, 650, 650, 650, 650, 650, 650, 650, 650, 650, 650, 650, 650, 650, 650, 650,
	650, 650, 650, 650, 650, 650, 650, 650, 650, 650, 650, 650, 650, 650, 650, 650, 650, 650,
	650, 650, 650, 650, 650, 650, 650, 650, 650, 650, 650, 650, 650, 650, 650, 650, 650, 650,
	650, 650, 650, 650, 650, 650, 650, 650, 650, 650, 650, 650, 650, 650, 650, 650, 650, 650,
	650, 650, 650, 650, 650, 650, 650, 650, 650, 650, 650, 650, 650, 650, 650, 650, 650, 650,
	650, 650, 650, 650, 650, 650, 650, 650, 650, 650, 650, 650, 650, 650, 650, 650, 650, 650,
	650, 650, 650, 650, 650, 650, 650, 650, 650, 650, 650, 650, 650, 650, 650, 650, 650, 650,
}
U0_M1_Upper = {
	1850, 1850, 1850, 1850, 1850, 1850, 1850, 1850, 1850, 1850, 1850, 1850, 1850, 1850, 1850, 1850, 1850, 1850,
	1850, 1850, 1850, 1850, 1850, 1850, 1850, 1850, 1850, 1850, 1850, 1850, 1850, 1850, 1850, 1850, 1850, 1850,
	1850, 1850, 1850, 1850, 1850, 1850, 1850, 1850, 1850, 1850, 1850, 1850, 1850, 1850, 1850, 1850, 1850, 1850,
	1850, 1850, 1850, 1850, 1850, 1850, 1850, 1850, 1850, 1850, 1850, 1850, 1850, 1850, 1850, 1850, 1850, 1850,
	1850, 1850, 1850, 1850, 1850, 1850, 1850, 1850, 1850, 1850, 1850, 1850, 1850, 1850, 1850, 1850, 1850, 1850,
	1850, 1850, 1850, 1850, 1850, 1850, 1850, 1850, 1850, 1850, 1850, 1850, 1850, 1850, 1850, 1850, 1850, 1850,
	1850, 1850, 1850, 1850, 1850, 1850, 1850, 1850, 1850, 1850, 1850, 1850, 1850, 1850, 1850, 1850, 1850, 1850,
	1850, 1850, 1850, 1850, 1850, 1850, 1850, 1850, 1850, 1850, 1850, 1850, 1850, 1850, 1850, 1850, 1850, 1850,
	1850, 1850, 1850, 1850, 1850, 1850, 1850, 1850, 1850, 1850, 1850, 1850, 1850, 1850, 1850, 1850, 1850, 1850,
	1850, 1850, 1850, 1850, 1850, 1850, 1850, 1850, 1850, 1850, 1850, 1850, 1850, 1850, 1850, 1850, 1850, 1850,
	1850, 1850, 1850, 1850, 1850, 1850, 1850, 1850, 1850, 1850, 1850, 1850, 1850, 1850, 1850, 1850, 1850, 1850,
	1850, 1850, 1850, 1850, 1850, 1850, 1850, 1850, 1850, 1850, 1850, 1850, 1850, 1850, 1850, 1850, 1850, 1850,
	1850, 1850, 1850, 1850, 1850, 1850, 1850, 1850, 1850, 1850, 1850, 1850, 1850, 1850, 1850, 1850, 1850, 1850,
	1850, 1850, 1850, 1850, 1850, 1850, 1850, 1850, 1850, 1850, 1850, 1850, 1850, 1850, 1850, 1850, 1850, 1850,
	1850, 1850, 1850, 1850, 1850, 1850, 1850, 1850, 1850, 1850, 1850, 1850, 1850, 1850, 1850, 1850, 1850, 1850,
	1850, 1850, 1850, 1850, 1850, 1850, 1850, 1850, 1850, 1850, 1850, 1850, 1850, 1850, 1850, 1850, 1850, 1850,
	1850, 1850, 1850, 1850, 1850, 1850, 1850, 1850, 1850, 1850, 1850, 1850, 1850, 1850, 1850, 1850, 1850, 1850,
	1850, 1850, 1850, 1850, 1850, 1850, 1850, 1850, 1850, 1850, 1850, 1850, 1850, 1850, 1850, 1850, 1850, 1850,
	1850, 1850, 1850, 1850, 1850, 1850, 1850, 1850, 1850, 1850, 1850, 1850, 1850, 1850, 1850, 1850, 1850, 1850,
	1850, 1850, 1850, 1850, 1850, 1850, 1850, 1850, 1850, 1850, 1850, 1850, 1850, 1850, 1850, 1850, 1850, 1850,
	1850, 1850, 1850, 1850, 1850, 1850, 1850, 1850, 1850, 1850, 1850, 1850, 1850, 1850, 1850, 1850, 1850, 1850,
	1850, 1850, 1850, 1850, 1850, 1850, 1850, 1850, 1850, 1850, 1850, 1850, 1850, 1850, 1850, 1850, 1850, 1850,
	1850, 1850, 1850, 1850, 1850, 1850, 1850, 1850, 1850, 1850, 1850, 1850, 1850, 1850, 1850, 1850, 1850, 1850,
	1850, 1850, 1850, 1850, 1850, 1850, 1850, 1850, 1850, 1850, 1850, 1850, 1850, 1850, 1850, 1850, 1850, 1850,
	1850, 1850, 1850, 1850, 1850, 1850, 1850, 1850, 1850, 1850, 1850, 1850, 1850, 1850, 1850, 1850, 1850, 1850,
	1850, 1850, 1850, 1850, 1850, 1850, 1850, 1850, 1850, 1850, 1850, 1850, 1850, 1850, 1850, 1850, 1850, 1850,
	1850, 1850, 1850, 1850, 1850, 1850, 1850, 1850, 1850, 1850, 1850, 1850, 1850, 1850, 1850, 1850, 1850, 1850,
	1850, 1850, 1850, 1850, 1850, 1850, 1850, 1850, 1850, 1850, 1850, 1850, 1850, 1850, 1850, 1850, 1850, 1850,
	1850, 1850, 1850, 1850, 1850, 1850, 1850, 1850, 1850, 1850, 1850, 1850, 1850, 1850, 1850, 1850, 1850, 1850,
	1850, 1850, 1850, 1850, 1850, 1850, 1850, 1850, 1850, 1850, 1850, 1850, 1850, 1850, 1850, 1850, 1850, 1850,
	1850, 1850, 1850, 1850, 1850, 1850, 1850, 1850, 1850, 1850, 1850, 1850, 1850, 1850, 1850, 1850, 1850, 1850,
	1850, 1850, 1850, 1850, 1850, 1850, 1850, 1850, 1850, 1850, 1850, 1850, 1850, 1850, 1850, 1850, 1850, 1850,
	1850, 1850, 1850, 1850, 1850, 1850, 1850, 1850, 1850, 1850, 1850, 1850, 1850, 1850, 1850, 1850, 1850, 1850,
	1850, 1850, 1850, 1850, 1850, 1850, 1850, 1850, 1850, 1850, 1850, 1850, 1850, 1850, 1850, 1850, 1850, 1850,
	1850, 1850, 1850, 1850, 1850, 1850, 1850, 1850, 1850, 1850, 1850, 1850, 1850, 1850, 1850, 1850, 1850, 1850,
	1850, 1850, 1850, 1850, 1850, 1850, 1850, 1850, 1850, 1850, 1850, 1850, 1850, 1850, 1850, 1850, 1850, 1850,
	1850, 1850, 1850, 1850, 1850, 1850, 1850, 1850, 1850, 1850, 1850, 1850, 1850, 1850, 1850, 1850, 1850, 1850,
	1850, 1850, 1850, 1850, 1850, 1850, 1850, 1850, 1850, 1850, 1850, 1850, 1850, 1850, 1850, 1850, 1850, 1850,
	1850, 1850, 1850, 1850, 1850, 1850, 1850, 1850, 1850, 1850, 1850, 1850, 1850, 1850, 1850, 1850, 1850, 1850,
	1850, 1850, 1850, 1850, 1850, 1850, 1850, 1850, 1850, 1850, 1850, 1850, 1850, 1850, 1850, 1850, 1850, 1850,
	1850, 1850, 1850, 1850, 1850, 1850, 1850, 1850, 1850, 1850, 1850, 1850, 1850, 1850, 1850, 1850, 1850, 1850,
}
U0_M1_JITTER_Lower = {
	0, 0, 0, 0, 0, 0, 0, 0, 0, 0, 0, 0, 0, 0, 0, 0, 0, 0,
	0, 0, 0, 0, 0, 0, 0, 0, 0, 0, 0, 0, 0, 0, 0, 0, 0, 0,
	0, 0, 0, 0, 0, 0, 0, 0, 0, 0, 0, 0, 0, 0, 0, 0, 0, 0,
	0, 0, 0, 0, 0, 0, 0, 0, 0, 0, 0, 0, 0, 0, 0, 0, 0, 0,
	0, 0, 0, 0, 0, 0, 0, 0, 0, 0, 0, 0, 0, 0, 0, 0, 0, 0,
	0, 0, 0, 0, 0, 0, 0, 0, 0, 0, 0, 0, 0, 0, 0, 0, 0, 0,
	0, 0, 0, 0, 0, 0, 0, 0, 0, 0, 0, 0, 0, 0, 0, 0, 0, 0,
	0, 0, 0, 0, 0, 0, 0, 0, 0, 0, 0, 0, 0, 0, 0, 0, 0, 0,
	0, 0, 0, 0, 0, 0, 0, 0, 0, 0, 0, 0, 0, 0, 0, 0, 0, 0,
	0, 0, 0, 0, 0, 0, 0, 0, 0, 0, 0, 0, 0, 0, 0, 0, 0, 0,
	0, 0, 0, 0, 0, 0, 0, 0, 0, 0, 0, 0, 0, 0, 0, 0, 0, 0,
	0, 0, 0, 0, 0, 0, 0, 0, 0, 0, 0, 0, 0, 0, 0, 0, 0, 0,
	0, 0, 0, 0, 0, 0, 0, 0, 0, 0, 0, 0, 0, 0, 0, 0, 0, 0,
	0, 0, 0, 0, 0, 0, 0, 0, 0, 0, 0, 0, 0, 0, 0, 0, 0, 0,
	0, 0, 0, 0, 0, 0, 0, 0, 0, 0, 0, 0, 0, 0, 0, 0, 0, 0,
	0, 0, 0, 0, 0, 0, 0, 0, 0, 0, 0, 0, 0, 0, 0, 0, 0, 0,
	0, 0, 0, 0, 0, 0, 0, 0, 0, 0, 0, 0, 0, 0, 0, 0, 0, 0,
	0, 0, 0, 0, 0, 0, 0, 0, 0, 0, 0, 0, 0, 0, 0, 0, 0, 0,
	0, 0, 0, 0, 0, 0, 0, 0, 0, 0, 0, 0, 0, 0, 0, 0, 0, 0,
	0, 0, 0, 0, 0, 0, 0, 0, 0, 0, 0, 0, 0, 0, 0, 0, 0, 0,
	0, 0, 0, 0, 0, 0, 0, 0, 0, 0, 0, 0, 0, 0, 0, 0, 0, 0,
	0, 0, 0, 0, 0, 0, 0, 0, 0, 0, 0, 0, 0, 0, 0, 0, 0, 0,
	0, 0, 0, 0, 0, 0, 0, 0, 0, 0, 0, 0, 0, 0, 0, 0, 0, 0,
	0, 0, 0, 0, 0, 0, 0, 0, 0, 0, 0, 0, 0, 0, 0, 0, 0, 0,
	0, 0, 0, 0, 0, 0, 0, 0, 0, 0, 0, 0, 0, 0, 0, 0, 0, 0,
	0, 0, 0, 0, 0, 0, 0, 0, 0, 0, 0, 0, 0, 0, 0, 0, 0, 0,
	0, 0, 0, 0, 0, 0, 0, 0, 0, 0, 0, 0, 0, 0, 0, 0, 0, 0,
	0, 0, 0, 0, 0, 0, 0, 0, 0, 0, 0, 0, 0, 0, 0, 0, 0, 0,
	0, 0, 0, 0, 0, 0, 0, 0, 0, 0, 0, 0, 0, 0, 0, 0, 0, 0,
	0, 0, 0, 0, 0, 0, 0, 0, 0, 0, 0, 0, 0, 0, 0, 0, 0, 0,
	0, 0, 0, 0, 0, 0, 0, 0, 0, 0, 0, 0, 0, 0, 0, 0, 0, 0,
	0, 0, 0, 0, 0, 0, 0, 0, 0, 0, 0, 0, 0, 0, 0, 0, 0, 0,
	0, 0, 0, 0, 0, 0, 0, 0, 0, 0, 0, 0, 0, 0, 0, 0, 0, 0,
	0, 0, 0, 0, 0, 0, 0, 0, 0, 0, 0, 0, 0, 0, 0, 0, 0, 0,
	0, 0, 0, 0, 0, 0, 0, 0, 0, 0, 0, 0, 0, 0, 0, 0, 0, 0,
	0, 0, 0, 0, 0, 0, 0, 0, 0, 0, 0, 0, 0, 0, 0, 0, 0, 0,
	0, 0, 0, 0, 0, 0, 0, 0, 0, 0, 0, 0, 0, 0, 0, 0, 0, 0,
	0, 0, 0, 0, 0, 0, 0, 0, 0, 0, 0, 0, 0, 0, 0, 0, 0, 0,
	0, 0, 0, 0, 0, 0, 0, 0, 0, 0, 0, 0, 0, 0, 0, 0, 0, 0,
	0, 0, 0, 0, 0, 0, 0, 0, 0, 0, 0, 0, 0, 0, 0, 0, 0, 0,
	0, 0, 0, 0, 0, 0, 0, 0, 0, 0, 0, 0, 0, 0, 0, 0, 0, 0,
}
U0_M1_JITTER_Upper = {
	60, 60, 60, 60, 60, 60, 60, 60, 60, 60, 60, 60, 60, 60, 60, 60, 60, 60,
	60, 60, 60, 60, 60, 60, 60, 60, 60, 60, 60, 60, 60, 60, 60, 60, 60, 60,
	60, 60, 60, 60, 60, 60, 60, 60, 60, 60, 60, 60, 60, 60, 60, 60, 60, 60,
	60, 60, 60, 60, 60, 60, 60, 60, 60, 60, 60, 60, 60, 60, 60, 60, 60, 60,
	60, 60, 60, 60, 60, 60, 60, 60, 60, 60, 60, 60, 60, 60, 60, 60, 60, 60,
	60, 60, 60, 60, 60, 60, 60, 60, 60, 60, 60, 60, 60, 60, 60, 60, 60, 60,
	60, 60, 60, 60, 60, 60, 60, 60, 60, 60, 60, 60, 60, 60, 60, 60, 60, 60,
	60, 60, 60, 60, 60, 60, 60, 60, 60, 60, 60, 60, 60, 60, 60, 60, 60, 60,
	60, 60, 60, 60, 60, 60, 60, 60, 60, 60, 60, 60, 60, 60, 60, 60, 60, 60,
	60, 60, 60, 60, 60, 60, 60, 60, 60, 60, 60, 60, 60, 60, 60, 60, 60, 60,
	60, 60, 60, 60, 60, 60, 60, 60, 60, 60, 60, 60, 60, 60, 60, 60, 60, 60,
	60, 60, 60, 60, 60, 60, 60, 60, 60, 60, 60, 60, 60, 60, 60, 60, 60, 60,
	60, 60, 60, 60, 60, 60, 60, 60, 60, 60, 60, 60, 60, 60, 60, 60, 60, 60,
	60, 60, 60, 60, 60, 60, 60, 60, 60, 60, 60, 60, 60, 60, 60, 60, 60, 60,
	60, 60, 60, 60, 60, 60, 60, 60, 60, 60, 60, 60, 60, 60, 60, 60, 60, 60,
	60, 60, 60, 60, 60, 60, 60, 60, 60, 60, 60, 60, 60, 60, 60, 60, 60, 60,
	60, 60, 60, 60, 60, 60, 60, 60, 60, 60, 60, 60, 60, 60, 60, 60, 60, 60,
	60, 60, 60, 60, 60, 60, 60, 60, 60, 60, 60, 60, 60, 60, 60, 60, 60, 60,
	60, 60, 60, 60, 60, 60, 60, 60, 60, 60, 60, 60, 60, 60, 60, 60, 60, 60,
	60, 60, 60, 60, 60, 60, 60, 60, 60, 60, 60, 60, 60, 60, 60, 60, 60, 60,
	60, 60, 60, 60, 60, 60, 60, 60, 60, 60, 60, 60, 60, 60, 60, 60, 60, 60,
	60, 60, 60, 60, 60, 60, 60, 60, 60, 60, 60, 60, 60, 60, 60, 60, 60, 60,
	60, 60, 60, 60, 60, 60, 60, 60, 60, 60, 60, 60, 60, 60, 60, 60, 60, 60,
	60, 60, 60, 60, 60, 60, 60, 60, 60, 60, 60, 60, 60, 60, 60, 60, 60, 60,
	60, 60, 60, 60, 60, 60, 60, 60, 60, 60, 60, 60, 60, 60, 60, 60, 60, 60,
	60, 60, 60, 60, 60, 60, 60, 60, 60, 60, 60, 60, 60, 60, 60, 60, 60, 60,
	60, 60, 60, 60, 60, 60, 60, 60, 60, 60, 60, 60, 60, 60, 60, 60, 60, 60,
	60, 60, 60, 60, 60, 60, 60, 60, 60, 60, 60, 60, 60, 60, 60, 60, 60, 60,
	60, 60, 60, 60, 60, 60, 60, 60, 60, 60, 60, 60, 60, 60, 60, 60, 60, 60,
	60, 60, 60, 60, 60, 60, 60, 60, 60, 60, 60, 60, 60, 60, 60, 60, 60, 60,
	60, 60, 60, 60, 60, 60, 60, 60, 60, 60, 60, 60, 60, 60, 60, 60, 60, 60,
	60, 60, 60, 60, 60, 60, 60, 60, 60, 60, 60, 60, 60, 60, 60, 60, 60, 60,
	60, 60, 60, 60, 60, 60, 60, 60, 60, 60, 60, 60, 60, 60, 60, 60, 60, 60,
	60, 60, 60, 60, 60, 60, 60, 60, 60, 60, 60, 60, 60, 60, 60, 60, 60, 60,
	60, 60, 60, 60, 60, 60, 60, 60, 60, 60, 60, 60, 60, 60, 60, 60, 60, 60,
	60, 60, 60, 60, 60, 60, 60, 60, 60, 60, 60, 60, 60, 60, 60, 60, 60, 60,
	60, 60, 60, 60, 60, 60, 60, 60, 60, 60, 60, 60, 60, 60, 60, 60, 60, 60,
	60, 60, 60, 60, 60, 60, 60, 60, 60, 60, 60, 60, 60, 60, 60, 60, 60, 60,
	60, 60, 60, 60, 60, 60, 60, 60, 60, 60, 60, 60, 60, 60, 60, 60, 60, 60,
	60, 60, 60, 60, 60, 60, 60, 60, 60, 60, 60, 60, 60, 60, 60, 60, 60, 60,
	60, 60, 60, 60, 60, 60, 60, 60, 60, 60, 60, 60, 60, 60, 60, 60, 60, 60,
}
U0_M2_Lower = {
	3650, 3650, 3650, 3650, 3650, 3650, 3650, 3650, 3650, 3650, 3650, 3650, 3650, 3650, 3650, 3650, 3650, 3650,
	3650, 3650, 3650, 3650, 3650, 3650, 3650, 3650, 3650, 3650, 3650, 3650, 3650, 3650, 3650, 3650, 3650, 3650,
	3650, 3650, 3650, 3650, 3650, 3650, 3650, 3650, 3650, 3650, 3650, 3650, 3650, 3650, 3650, 3650, 3650, 3650,
	3650, 3650, 3650, 3650, 3650, 3650, 3650, 3650, 3650, 3650, 3650, 3650, 3650, 3650, 3650, 3650, 3650, 3650,
	3650, 3650, 3650, 3650, 3650, 3650, 3650, 3650, 3650, 3650, 3650, 3650, 3650, 3650, 3650, 3650, 3650, 3650,
	3650, 3650, 3650, 3650, 3650, 3650, 3650, 3650, 3650, 3650, 3650, 3650, 3650, 3650, 3650, 3650, 3650, 3650,
	3650, 3650, 3650, 3650, 3650, 3650, 3650, 3650, 3650, 3650, 3650, 3650, 3650, 3650, 3650, 3650, 3650, 3650,
	3650, 3650, 3650, 3650, 3650, 3650, 3650, 3650, 3650, 3650, 3650, 3650, 3650, 3650, 3650, 3650, 3650, 3650,
	3650, 3650, 3650, 3650, 3650, 3650, 3650, 3650, 3650, 3650, 3650, 3650, 3650, 3650, 3650, 3650, 3650, 3650,
	3650, 3650, 3650, 3650, 3650, 3650, 3650, 3650, 3650, 3650, 3650, 3650, 3650, 3650, 3650, 3650, 3650, 3650,
	3650, 3650, 3650, 3650, 3650, 3650, 3650, 3650, 3650, 3650, 3650, 3650, 3650, 3650, 3650, 3650, 3650, 3650,
	3650, 3650, 3650, 3650, 3650, 3650, 3650, 3650, 3650, 3650, 3650, 3650, 3650, 3650, 3650, 3650, 3650, 3650,
	3650, 3650, 3650, 3650, 3650, 3650, 3650, 3650, 3650, 3650, 3650, 3650, 3650, 3650, 3650, 3650, 3650, 3650,
	3650, 3650, 3650, 3650, 3650, 3650, 3650, 3650, 3650, 3650, 3650, 3650, 3650, 3650, 3650, 3650, 3650, 3650,
	3650, 3650, 3650, 3650, 3650, 3650, 3650, 3650, 3650, 3650, 3650, 3650, 3650, 3650, 3650, 3650, 3650, 3650,
	3650, 3650, 3650, 3650, 3650, 3650, 3650, 3650, 3650, 3650, 3650, 3650, 3650, 3650, 3650, 3650, 3650, 3650,
	3650, 3650, 3650, 3650, 3650, 3650, 3650, 3650, 3650, 3650, 3650, 3650, 3650, 3650, 3650, 3650, 3650, 3650,
	3650, 3650, 3650, 3650, 3650, 3650, 3650, 3650, 3650, 3650, 3650, 3650, 3650, 3650, 3650, 3650, 3650, 3650,
	3650, 3650, 3650, 3650, 3650, 3650, 3650, 3650, 3650, 3650, 3650, 3650, 3650, 3650, 3650, 3650, 3650, 3650,
	3650, 3650, 3650, 3650, 3650, 3650, 3650, 3650, 3650, 3650, 3650, 3650, 3650, 3650, 3650, 3650, 3650, 3650,
	3650, 3650, 3650, 3650, 3650, 3650, 3650, 3650, 3650, 3650, 3650, 3650, 3650, 3650, 3650, 3650, 3650, 3650,
	3650, 3650, 3650, 3650, 3650, 3650, 3650, 3650, 3650, 3650, 3650, 3650, 3650, 3650, 3650, 3650, 3650, 3650,
	3650, 3650, 3650, 3650, 3650, 3650, 3650, 3650, 3650, 3650, 3650, 3650, 3650, 3650, 3650, 3650, 3650, 3650,
	3650, 3650, 3650, 3650, 3650, 3650, 3650, 3650, 3650, 3650, 3650, 3650, 3650, 3650, 3650, 3650, 3650, 3650,
	3650, 3650, 3650, 3650, 3650, 3650, 3650, 3650, 3650, 3650, 3650, 3650, 3650, 3650, 3650, 3650, 3650, 3650,
	3650, 3650, 3650, 3650, 3650, 3650, 3650, 3650, 3650, 3650, 3650, 3650, 3650, 3650, 3650, 3650, 3650, 3650,
	3650, 3650, 3650, 3650, 3650, 3650, 3650, 3650, 3650, 3650, 3650, 3650, 3650, 3650, 3650, 3650, 3650, 3650,
	3650, 3650, 3650, 3650, 3650, 3650, 3650, 3650, 3650, 3650, 3650, 3650, 3650, 3650, 3650, 3650, 3650, 3650,
	3650, 3650, 3650, 3650, 3650, 3650, 3650, 3650, 3650, 3650, 3650, 3650, 3650, 3650, 3650, 3650, 3650, 3650,
	3650, 3650, 3650, 3650, 3650, 3650, 3650, 3650, 3650, 3650, 3650, 3650, 3650, 3650, 3650, 3650, 3650, 3650,
	3650, 3650, 3650, 3650, 3650, 3650, 3650, 3650, 3650, 3650, 3650, 3650, 3650, 3650, 3650, 3650, 3650, 3650,
	3650, 3650, 3650, 3650, 3650, 3650, 3650, 3650, 3650, 3650, 3650, 3650, 3650, 3650, 3650, 3650, 3650, 3650,
	3650, 3650, 3650, 3650, 3650, 3650, 3650, 3650, 3650, 3650, 3650, 3650, 3650, 3650, 3650, 3650, 3650, 3650,
	3650, 3650, 3650, 3650, 3650, 3650, 3650, 3650, 3650, 3650, 3650, 3650, 3650, 3650, 3650, 3650, 3650, 3650,
	3650, 3650, 3650, 3650, 3650, 3650, 3650, 3650, 3650, 3650, 3650, 3650, 3650, 3650, 3650, 3650, 3650, 3650,
	3650, 3650, 3650, 3650, 3650, 3650, 3650, 3650, 3650, 3650, 3650, 3650, 3650, 3650, 3650, 3650, 3650, 3650,
	3650, 3650, 3650, 3650, 3650, 3650, 3650, 3650, 3650, 3650, 3650, 3650, 3650, 3650, 3650, 3650, 3650, 3650,
	3650, 3650, 3650, 3650, 3650, 3650, 3650, 3650, 3650, 3650, 3650, 3650, 3650, 3650, 3650, 3650, 3650, 3650,
	3650, 3650, 3650, 3650, 3650, 3650, 3650, 3650, 3650, 3650, 3650, 3650, 3650, 3650, 3650, 3650, 3650, 3650,
	3650, 3650, 3650, 3650, 3650, 3650, 3650, 3650, 3650, 3650, 3650, 3650, 3650, 3650, 3650, 3650, 3650, 3650,
	3650, 3650, 3650, 3650, 3650, 3650, 3650, 3650, 3650, 3650, 3650, 3650, 3650, 3650, 3650, 3650, 3650, 3650,
}
U0_M2_Upper = {
	6250, 6250, 6250, 6250, 6250, 6250, 6250, 6250, 6250, 6250, 6250, 6250, 6250, 6250, 6250, 6250, 6250, 6250,
	6250, 6250, 6250, 6250, 6250, 6250, 6250, 6250, 6250, 6250, 6250, 6250, 6250, 6250, 6250, 6250, 6250, 6250,
	6250, 6250, 6250, 6250, 6250, 6250, 6250, 6250, 6250, 6250, 6250, 6250, 6250, 6250, 6250, 6250, 6250, 6250,
	6250, 6250, 6250, 6250, 6250, 6250, 6250, 6250, 6250, 6250, 6250, 6250, 6250, 6250, 6250, 6250, 6250, 6250,
	6250, 6250, 6250, 6250, 6250, 6250, 6250, 6250, 6250, 6250, 6250, 6250, 6250, 6250, 6250, 6250, 6250, 6250,
	6250, 6250, 6250, 6250, 6250, 6250, 6250, 6250, 6250, 6250, 6250, 6250, 6250, 6250, 6250, 6250, 6250, 6250,
	6250, 6250, 6250, 6250, 6250, 6250, 6250, 6250, 6250, 6250, 6250, 6250, 6250, 6250, 6250, 6250, 6250, 6250,
	6250, 6250, 6250, 6250, 6250, 6250, 6250, 6250, 6250, 6250, 6250, 6250, 6250, 6250, 6250, 6250, 6250, 6250,
	6250, 6250, 6250, 6250, 6250, 6250, 6250, 6250, 6250, 6250, 6250, 6250, 6250, 6250, 6250, 6250, 6250, 6250,
	6250, 6250, 6250, 6250, 6250, 6250, 6250, 6250, 6250, 6250, 6250, 6250, 6250, 6250, 6250, 6250, 6250, 6250,
	6250, 6250, 6250, 6250, 6250, 6250, 6250, 6250, 6250, 6250, 6250, 6250, 6250, 6250, 6250, 6250, 6250, 6250,
	6250, 6250, 6250, 6250, 6250, 6250, 6250, 6250, 6250, 6250, 6250, 6250, 6250, 6250, 6250, 6250, 6250, 6250,
	6250, 6250, 6250, 6250, 6250, 6250, 6250, 6250, 6250, 6250, 6250, 6250, 6250, 6250, 6250, 6250, 6250, 6250,
	6250, 6250, 6250, 6250, 6250, 6250, 6250, 6250, 6250, 6250, 6250, 6250, 6250, 6250, 6250, 6250, 6250, 6250,
	6250, 6250, 6250, 6250, 6250, 6250, 6250, 6250, 6250, 6250, 6250, 6250, 6250, 6250, 6250, 6250, 6250, 6250,
	6250, 6250, 6250, 6250, 6250, 6250, 6250, 6250, 6250, 6250, 6250, 6250, 6250, 6250, 6250, 6250, 6250, 6250,
	6250, 6250, 6250, 6250, 6250, 6250, 6250, 6250, 6250, 6250, 6250, 6250, 6250, 6250, 6250, 6250, 6250, 6250,
	6250, 6250, 6250, 6250, 6250, 6250, 6250, 6250, 6250, 6250, 6250, 6250, 6250, 6250, 6250, 6250, 6250, 6250,
	6250, 6250, 6250, 6250, 6250, 6250, 6250, 6250, 6250, 6250, 6250, 6250, 6250, 6250, 6250, 6250, 6250, 6250,
	6250, 6250, 6250, 6250, 6250, 6250, 6250, 6250, 6250, 6250, 6250, 6250, 6250, 6250, 6250, 6250, 6250, 6250,
	6250, 6250, 6250, 6250, 6250, 6250, 6250, 6250, 6250, 6250, 6250, 6250, 6250, 6250, 6250, 6250, 6250, 6250,
	6250, 6250, 6250, 6250, 6250, 6250, 6250, 6250, 6250, 6250, 6250, 6250, 6250, 6250, 6250, 6250, 6250, 6250,
	6250, 6250, 6250, 6250, 6250, 6250, 6250, 6250, 6250, 6250, 6250, 6250, 6250, 6250, 6250, 6250, 6250, 6250,
	6250, 6250, 6250, 6250, 6250, 6250, 6250, 6250, 6250, 6250, 6250, 6250, 6250, 6250, 6250, 6250, 6250, 6250,
	6250, 6250, 6250, 6250, 6250, 6250, 6250, 6250, 6250, 6250, 6250, 6250, 6250, 6250, 6250, 6250, 6250, 6250,
	6250, 6250, 6250, 6250, 6250, 6250, 6250, 6250, 6250, 6250, 6250, 6250, 6250, 6250, 6250, 6250, 6250, 6250,
	6250, 6250, 6250, 6250, 6250, 6250, 6250, 6250, 6250, 6250, 6250, 6250, 6250, 6250, 6250, 6250, 6250, 6250,
	6250, 6250, 6250, 6250, 6250, 6250, 6250, 6250, 6250, 6250, 6250, 6250, 6250, 6250, 6250, 6250, 6250, 6250,
	6250, 6250, 6250, 6250, 6250, 6250, 6250, 6250, 6250, 6250, 6250, 6250, 6250, 6250, 6250, 6250, 6250, 6250,
	6250, 6250, 6250, 6250, 6250, 6250, 6250, 6250, 6250, 6250, 6250, 6250, 6250, 6250, 6250, 6250, 6250, 6250,
	6250, 6250, 6250, 6250, 6250, 6250, 6250, 6250, 6250, 6250, 6250, 6250, 6250, 6250, 6250, 6250, 6250, 6250,
	6250, 6250, 6250, 6250, 6250, 6250, 6250, 6250, 6250, 6250, 6250, 6250, 6250, 6250, 6250, 6250, 6250, 6250,
	6250, 6250, 6250, 6250, 6250, 6250, 6250, 6250, 6250, 6250, 6250, 6250, 6250, 6250, 6250, 6250, 6250, 6250,
	6250, 6250, 6250, 6250, 6250, 6250, 6250, 6250, 6250, 6250, 6250, 6250, 6250, 6250, 6250, 6250, 6250, 6250,
	6250, 6250, 6250, 6250, 6250, 6250, 6250, 6250, 6250, 6250, 6250, 6250, 6250, 6250, 6250, 6250, 6250, 6250,
	6250, 6250, 6250, 6250, 6250, 6250, 6250, 6250, 6250, 6250, 6250, 6250, 6250, 6250, 6250, 6250, 6250, 6250,
	6250, 6250, 6250, 6250, 6250, 6250, 6250, 6250, 6250, 6250, 6250, 6250, 6250, 6250, 6250, 6250, 6250, 6250,
	6250, 6250, 6250, 6250, 6250, 6250, 6250, 6250, 6250, 6250, 6250, 6250, 6250, 6250, 6250, 6250, 6250, 6250,
	6250, 6250, 6250, 6250, 6250, 6250, 6250, 6250, 6250, 6250, 6250, 6250, 6250, 6250, 6250, 6250, 6250, 6250,
	6250, 6250, 6250, 6250, 6250, 6250, 6250, 6250, 6250, 6250, 6250, 6250, 6250, 6250, 6250, 6250, 6250, 6250,
	6250, 6250, 6250, 6250, 6250, 6250, 6250, 6250, 6250, 6250, 6250, 6250, 6250, 6250, 6250, 6250, 6250, 6250,
}
U0_M2_JITTER_Lower = {
	0, 0, 0, 0, 0, 0, 0, 0, 0, 0, 0, 0, 0, 0, 0, 0, 0, 0,
	0, 0, 0, 0, 0, 0, 0, 0, 0, 0, 0, 0, 0, 0, 0, 0, 0, 0,
	0, 0, 0, 0, 0, 0, 0, 0, 0, 0, 0, 0, 0, 0, 0, 0, 0, 0,
	0, 0, 0, 0, 0, 0, 0, 0, 0, 0, 0, 0, 0, 0, 0, 0, 0, 0,
	0, 0, 0, 0, 0, 0, 0, 0, 0, 0, 0, 0, 0, 0, 0, 0, 0, 0,
	0, 0, 0, 0, 0, 0, 0, 0, 0, 0, 0, 0, 0, 0, 0, 0, 0, 0,
	0, 0, 0, 0, 0, 0, 0, 0, 0, 0, 0, 0, 0, 0, 0, 0, 0, 0,
	0, 0, 0, 0, 0, 0, 0, 0, 0, 0, 0, 0, 0, 0, 0, 0, 0, 0,
	0, 0, 0, 0, 0, 0, 0, 0, 0, 0, 0, 0, 0, 0, 0, 0, 0, 0,
	0, 0, 0, 0, 0, 0, 0, 0, 0, 0, 0, 0, 0, 0, 0, 0, 0, 0,
	0, 0, 0, 0, 0, 0, 0, 0, 0, 0, 0, 0, 0, 0, 0, 0, 0, 0,
	0, 0, 0, 0, 0, 0, 0, 0, 0, 0, 0, 0, 0, 0, 0, 0, 0, 0,
	0, 0, 0, 0, 0, 0, 0, 0, 0, 0, 0, 0, 0, 0, 0, 0, 0, 0,
	0, 0, 0, 0, 0, 0, 0, 0, 0, 0, 0, 0, 0, 0, 0, 0, 0, 0,
	0, 0, 0, 0, 0, 0, 0, 0, 0, 0, 0, 0, 0, 0, 0, 0, 0, 0,
	0, 0, 0, 0, 0, 0, 0, 0, 0, 0, 0, 0, 0, 0, 0, 0, 0, 0,
	0, 0, 0, 0, 0, 0, 0, 0, 0, 0, 0, 0, 0, 0, 0, 0, 0, 0,
	0, 0, 0, 0, 0, 0, 0, 0, 0, 0, 0, 0, 0, 0, 0, 0, 0, 0,
	0, 0, 0, 0, 0, 0, 0, 0, 0, 0, 0, 0, 0, 0, 0, 0, 0, 0,
	0, 0, 0, 0, 0, 0, 0, 0, 0, 0, 0, 0, 0, 0, 0, 0, 0, 0,
	0, 0, 0, 0, 0, 0, 0, 0, 0, 0, 0, 0, 0, 0, 0, 0, 0, 0,
	0, 0, 0, 0, 0, 0, 0, 0, 0, 0, 0, 0, 0, 0, 0, 0, 0, 0,
	0, 0, 0, 0, 0, 0, 0, 0, 0, 0, 0, 0, 0, 0, 0, 0, 0, 0,
	0, 0, 0, 0, 0, 0, 0, 0, 0, 0, 0, 0, 0, 0, 0, 0, 0, 0,
	0, 0, 0, 0, 0, 0, 0, 0, 0, 0, 0, 0, 0, 0, 0, 0, 0, 0,
	0, 0, 0, 0, 0, 0, 0, 0, 0, 0, 0, 0, 0, 0, 0, 0, 0, 0,
	0, 0, 0, 0, 0, 0, 0, 0, 0, 0, 0, 0, 0, 0, 0, 0, 0, 0,
	0, 0, 0, 0, 0, 0, 0, 0, 0, 0, 0, 0, 0, 0, 0, 0, 0, 0,
	0, 0, 0, 0, 0, 0, 0, 0, 0, 0, 0, 0, 0, 0, 0, 0, 0, 0,
	0, 0, 0, 0, 0, 0, 0, 0, 0, 0, 0, 0, 0, 0, 0, 0, 0, 0,
	0, 0, 0, 0, 0, 0, 0, 0, 0, 0, 0, 0, 0, 0, 0, 0, 0, 0,
	0, 0, 0, 0, 0, 0, 0, 0, 0, 0, 0, 0, 0, 0, 0, 0, 0, 0,
	0, 0, 0, 0, 0, 0, 0, 0, 0, 0, 0, 0, 0, 0, 0, 0, 0, 0,
	0, 0, 0, 0, 0, 0, 0, 0, 0, 0, 0, 0, 0, 0, 0, 0, 0, 0,
	0, 0, 0, 0, 0, 0, 0, 0, 0, 0, 0, 0, 0, 0, 0, 0, 0, 0,
	0, 0, 0, 0, 0, 0, 0, 0, 0, 0, 0, 0, 0, 0, 0, 0, 0, 0,
	0, 0, 0, 0, 0, 0, 0, 0, 0, 0, 0, 0, 0, 0, 0, 0, 0, 0,
	0, 0, 0, 0, 0, 0, 0, 0, 0, 0, 0, 0, 0, 0, 0, 0, 0, 0,
	0, 0, 0, 0, 0, 0, 0, 0, 0, 0, 0, 0, 0, 0, 0, 0, 0, 0,
	0, 0, 0, 0, 0, 0, 0, 0, 0, 0, 0, 0, 0, 0, 0, 0, 0, 0,
	0, 0, 0, 0, 0, 0, 0, 0, 0, 0, 0, 0, 0, 0, 0, 0, 0, 0,
}
U0_M2_JITTER_Upper = {
	60, 60, 60, 60, 60, 60, 60, 60, 60, 60, 60, 60, 60, 60, 60, 60, 60, 60,
	60, 60, 60, 60, 60, 60, 60, 60, 60, 60, 60, 60, 60, 60, 60, 60, 60, 60,
	60, 60, 60, 60, 60, 60, 60, 60, 60, 60, 60, 60, 60, 60, 60, 60, 60, 60,
	60, 60, 60, 60, 60, 60, 60, 60, 60, 60, 60, 60, 60, 60, 60, 60, 60, 60,
	60, 60, 60, 60, 60, 60, 60, 60, 60, 60, 60, 60, 60, 60, 60, 60, 60, 60,
	60, 60, 60, 60, 60, 60, 60, 60, 60, 60, 60, 60, 60, 60, 60, 60, 60, 60,
	60, 60, 60, 60, 60, 60, 60, 60, 60, 60, 60, 60, 60, 60, 60, 60, 60, 60,
	60, 60, 60, 60, 60, 60, 60, 60, 60, 60, 60, 60, 60, 60, 60, 60, 60, 60,
	60, 60, 60, 60, 60, 60, 60, 60, 60, 60, 60, 60, 60, 60, 60, 60, 60, 60,
	60, 60, 60, 60, 60, 60, 60, 60, 60, 60, 60, 60, 60, 60, 60, 60, 60, 60,
	60, 60, 60, 60, 60, 60, 60, 60, 60, 60, 60, 60, 60, 60, 60, 60, 60, 60,
	60, 60, 60, 60, 60, 60, 60, 60, 60, 60, 60, 60, 60, 60, 60, 60, 60, 60,
	60, 60, 60, 60, 60, 60, 60, 60, 60, 60, 60, 60, 60, 60, 60, 60, 60, 60,
	60, 60, 60, 60, 60, 60, 60, 60, 60, 60, 60, 60, 60, 60, 60, 60, 60, 60,
	60, 60, 60, 60, 60, 60, 60, 60, 60, 60, 60, 60, 60, 60, 60, 60, 60, 60,
	60, 60, 60, 60, 60, 60, 60, 60, 60, 60, 60, 60, 60, 60, 60, 60, 60, 60,
	60, 60, 60, 60, 60, 60, 60, 60, 60, 60, 60, 60, 60, 60, 60, 60, 60, 60,
	60, 60, 60, 60, 60, 60, 60, 60, 60, 60, 60, 60, 60, 60, 60, 60, 60, 60,
	60, 60, 60, 60, 60, 60, 60, 60, 60, 60, 60, 60, 60, 60, 60, 60, 60, 60,
	60, 60, 60, 60, 60, 60, 60, 60, 60, 60, 60, 60, 60, 60, 60, 60, 60, 60,
	60, 60, 60, 60, 60, 60, 60, 60, 60, 60, 60, 60, 60, 60, 60, 60, 60, 60,
	60, 60, 60, 60, 60, 60, 60, 60, 60, 60, 60, 60, 60, 60, 60, 60, 60, 60,
	60, 60, 60, 60, 60, 60, 60, 60, 60, 60, 60, 60, 60, 60, 60, 60, 60, 60,
	60, 60, 60, 60, 60, 60, 60, 60, 60, 60, 60, 60, 60, 60, 60, 60, 60, 60,
	60, 60, 60, 60, 60, 60, 60, 60, 60, 60, 60, 60, 60, 60, 60, 60, 60, 60,
	60, 60, 60, 60, 60, 60, 60, 60, 60, 60, 60, 60, 60, 60, 60, 60, 60, 60,
	60, 60, 60, 60, 60, 60, 60, 60, 60, 60, 60, 60, 60, 60, 60, 60, 60, 60,
	60, 60, 60, 60, 60, 60, 60, 60, 60, 60, 60, 60, 60, 60, 60, 60, 60, 60,
	60, 60, 60, 60, 60, 60, 60, 60, 60, 60, 60, 60, 60, 60, 60, 60, 60, 60,
	60, 60, 60, 60, 60, 60, 60, 60, 60, 60, 60, 60, 60, 60, 60, 60, 60, 60,
	60, 60, 60, 60, 60, 60, 60, 60, 60, 60, 60, 60, 60, 60, 60, 60, 60, 60,
	60, 60, 60, 60, 60, 60, 60, 60, 60, 60, 60, 60, 60, 60, 60, 60, 60, 60,
	60, 60, 60, 60, 60, 60, 60, 60, 60, 60, 60, 60, 60, 60, 60, 60, 60, 60,
	60, 60, 60, 60, 60, 60, 60, 60, 60, 60, 60, 60, 60, 60, 60, 60, 60, 60,
	60, 60, 60, 60, 60, 60, 60, 60, 60, 60, 60, 60, 60, 60, 60, 60, 60, 60,
	60, 60, 60, 60, 60, 60, 60, 60, 60, 60, 60, 60, 60, 60, 60, 60, 60, 60,
	60, 60, 60, 60, 60, 60, 60, 60, 60, 60, 60, 60, 60, 60, 60, 60, 60, 60,
	60, 60, 60, 60, 60, 60, 60, 60, 60, 60, 60, 60, 60, 60, 60, 60, 60, 60,
	60, 60, 60, 60, 60, 60, 60, 60, 60, 60, 60, 60, 60, 60, 60, 60, 60, 60,
	60, 60, 60, 60, 60, 60, 60, 60, 60, 60, 60, 60, 60, 60, 60, 60, 60, 60,
	60, 60, 60, 60, 60, 60, 60, 60, 60, 60, 60, 60, 60, 60, 60, 60, 60, 60,
}